channel_elevation,channel_slope,channel_curvature,channel_along_track_distance,channel_dist_to_river_center,ridge1_elevation,ridge1_slope,ridge1_curvature,ridge1_along_track_distance,ridge1_dist_to_river_center,floodplain1_elevation,floodplain1_slope,floodplain1_curvature,floodplain1_along_track_distance,floodplain1_dist_to_river_center,ridge2_elevation,ridge2_slope,ridge2_curvature,ridge2_along_track_distance,ridge2_dist_to_river_center,floodplain2_elevation,floodplain2_slope,floodplain2_curvature,floodplain2_along_track_distance,floodplain2_dist_to_river_center,width,width_var,sinuosity,max_width,dist_out,n_chan_mod,n_chan_max,facc,meand_len,type,reach_id,node_id
149.0,0.0,0.002322218153157834,840.0000000001061,12.229838709182445,152.75999450683594,0.020666503906320407,0.0006888834635463604,929.9999999994376,102.22983870851397,151.32000732421875,-0.014999898274723554,-0.0002555508083798749,1140.0000000003886,312.22983870946496,151.2899932861328,0.0069997151693790855,0.00023332383898291126,689.9999999994003,137.77016129152332,151.0800018310547,-0.005999755859314317,0.0006333414713388444,630.000000000057,197.77016129086667,42.0,0.0,1.13096981089226,42.0,341806.013808024,1,1,2355.18575140928,1187.09690935822,1,61302000331,61302000330681
148.0,0.0,0.002511105007637956,599.9999999991705,9.290322579751773,150.47000122070312,0.0823333740205636,0.0027444458005896565,630.0000000002177,39.29032258079894,150.19000244140625,-0.009333292643347865,-0.0003111097547822188,690.000000000233,99.29032258081418,,,,,,,,,,,33.0,29.0,1.14869527823414,33.0,341633.001098638,1,1,2357.54213997238,1288.21916292492,1,61302000331,61302000330671
147.5,-0.41033325196838405,-0.013933325874501612,839.9999999999349,13.596774193715078,151.49000549316406,-0.0033330281576774558,-0.0008110894097619958,1080.0000000001737,226.40322580652378,151.25,0.0009999593099031014,0.0005777825249812834,1259.9999999998993,406.40322580624934,,,,,,,,,,,60.0,163.138888888889,1.14869527823414,60.0,341405.346666751,1,1,2359.89852853549,1288.21916292492,1,61302000331,61302000330661
146.5,0.0,0.010133327908237328,930.0000000006098,3.677419354700305,151.82000732421875,0.01566670735742616,0.00018888685442033798,1139.9999999996612,206.3225806443511,150.85000610351562,-0.001999918619818935,0.00012222290039905017,1349.9999999996694,416.3225806443593,,,,,,,,,,,67.0,150.888888888889,1.14869527823414,67.0,341221.253292654,1,1,2362.25491709859,1288.21916292492,1,61302000331,61302000330651
146.0,0.0,0.004433339436742713,1380.0000000005998,8.945564516092418,150.97999572753906,0.03633321126091037,0.0008111063638007435,1680.0000000023015,308.9455645177941,150.02999877929688,0.0029998779296038073,5.554199218435239e-05,1950.0000000013551,578.9455645168478,152.1199951171875,0.043666585287900635,0.0014777798123792778,1200.0000000003688,171.0544354841386,150.64999389648438,-0.005000305175647205,0.0003555467393785053,1080.000000000775,291.0544354837325,92.0,463.673469387755,1.04115417723386,92.0,340829.888596834,1,1,2367.36042565199,1441.56715604331,1,61302000331,61302000330631
145.5,0.0,0.0039777798122153036,1350.0000000009236,2.9395161281054243,148.32000732421875,-0.0033330281578356933,-0.0003777737087904825,1530.000000000547,177.06048387151804,148.0,0.002999877929564314,0.00016665988497120704,1860.0000000014848,507.06048387245573,,,,,,,,,,,87.0,102.805555555556,1.04115417723386,87.0,340610.579084859,1,1,2369.71681421509,1441.56715604331,1,61302000331,61302000330621
145.0,0.0,0.0,1079.9999999989582,2.2137096783942525,147.4600067138672,0.0,-0.00273334079310178,1199.9999999998429,117.78629032249046,146.66000366210938,-0.003999837239473835,7.778591580038121e-05,1500.000000000276,417.7862903229236,,,,,,,,,,,67.0,178.816326530612,1.04530480959421,67.0,340425.891588475,1,1,2372.46593420538,1538.53102752261,1,61302000331,61302000330611
134.0,0.0,0.0,930.0000000001297,1.118951613135664,138.22000122070312,-0.004999796549541559,-0.00046664767795557226,809.999999999264,121.11895161400139,137.9199981689453,-0.20766652425446647,-0.006944427490446041,689.9999999993101,241.11895161395523,,,,,,,,,,,55.5,109.805555555556,1.05218216107693,55.5,338423.34445501,1,1,2396.02981983644,752.413070926609,1,61302000331,61302000330511
133.5,-0.11866658528653704,-0.003755544026698913,689.9999999991359,4.4516129038364625,137.27999877929688,0.0,-0.0007666693793116109,599.9999999998474,94.4516129031249,136.52999877929688,-0.04066670735801311,0.003633338080568093,509.9999999986029,184.45161290436943,,,,,,,,,,,48.0,160.96,1.08868933318871,48.0,338216.304946668,1,1,2397.99347697236,1080.21597692151,1,61302000331,61302000330501
132.5,0.0,0.007411109076388512,450.00000000059805,4.294354838202878,139.5500030517578,0.0,-0.0005555555555584577,359.999999999607,94.29435483919394,138.5,-0.003999837239463978,0.0002444627549897851,150.00000000157638,304.29435483722455,,,,,,,,,,,30.0,77.0,1.05567977386447,30.0,337826.657849812,1,1,2403.09898552575,1413.08223825706,1,61302000331,61302000330481
132.0,0.0,0.0,810.0000000006188,11.473790323263302,138.7899932861328,0.008666483561357892,-0.000166676839195623,689.9999999997107,108.52620967764483,137.57000732421875,0.003666687011786433,5.5541992189889224e-05,480.0000000009057,318.5262096764498,150.97000122070312,0.009666951496936083,-0.020433315700276126,900.0000000011513,101.47379032379581,148.0500030517578,-0.021333312988588295,-0.0009888882107403473,1229.9999999997833,431.4737903224278,54.0,99.2222222222222,1.02267021454024,54.0,337634.508687725,1,1,2405.45537408886,1745.94849959261,1,61302000331,61302000330471
131.0,0.0,0.0,420.00000000043633,5.927419355826089,146.66000366210938,0.5220001220397402,0.017400004066972265,510.0000000010537,95.92741935644347,145.52999877929688,-0.02166646321757161,-0.0005333116320323727,749.9999999993082,335.927419354698,136.0500030517578,0.008333333332840675,-0.00013334486221896265,300.0000000008459,114.07258064376435,135.3000030517578,0.0,-5.5558946396224964e-05,179.99999999938984,234.0725806452204,30.0,131.25,1.02267021454024,30.0,337226.944559231,1,1,2410.56088264225,1745.94849959261,1,61302000331,61302000330451
130.5,0.0,0.00564444647899624,1139.999999999092,0.45967741831941566,138.92999267578125,0.028333028156360924,-0.007477789984957952,1230.0000000000298,90.4596774192571,142.02999877929688,0.1326665242459257,0.006333329942148668,1320.000000000044,180.45967741927143,,,,,,,,,,,75.0,145.061224489796,1.02267021454024,75.0,337046.944559769,1,1,2413.31000263254,1745.94849959261,1,61302000331,61302000330441
130.0,-0.15099995930802923,-0.0044888814289100005,720.0000000008346,14.879032257996982,135.86000061035156,0.027666727703995718,0.0007777743870755703,629.9999999995958,104.87903225923571,132.99000549316406,0.002333577473919662,2.222696940018793e-05,300.00000000061266,434.8790322582189,,,,,,,,,,,45.0,146.805555555556,1.18478514965511,45.0,336834.568071928,1,1,2415.66639119565,1322.08908998005,1,61302000331,61302000330431
129.5,0.0,0.0,840.0000000000324,3.7439516130999664,137.52999877929688,0.06566670735741734,0.0007555643717149121,689.9999999996636,146.25604838726883,134.36000061035156,0.012333170572652975,0.00024442884655028754,600.0000000014902,236.25604838544223,,,,,,,,,,,51.0,43.7142857142857,1.18478514965511,51.0,336648.163690174,1,1,2418.41551118594,1322.08908998005,1,61302000331,61302000330421
128.5,-0.016666666666906863,0.007000003390813775,660.0000000005218,2.056451612016076,134.67999267578125,0.1893330891996443,0.005755547417982248,719.9999999997187,62.05645161121299,134.11000061035156,-0.018999735514018352,-0.000633324517123793,780.0000000004956,122.05645161198981,137.02999877929688,0.030333455401562126,-0.0009777662491070819,570.0000000017573,87.94354838674849,133.38999938964844,0.006666564941326797,8.889092338737147e-05,330.00000000016837,327.9435483883374,42.0,0.0,1.18478514965511,42.0,336435.787202342,1,1,2420.77189974904,1322.08908998005,1,61302000331,61302000330411
128.0,0.0,0.007444441053789809,1049.9999999993618,5.866935484341184,136.6999969482422,0.037666320800436824,-0.00010001288523188689,959.9999999997011,95.86693548400183,133.17999267578125,0.003666178385420571,0.0002222018771714238,779.9999999998298,275.86693548387314,134.27999877929688,0.20933329264202655,0.007533331976920151,1139.9999999997767,84.13306451607377,134.1300048828125,-0.004999796549467458,-0.00016665988498185827,1200.0000000001608,144.1330645164578,67.0,105.25,1.18478514965511,67.0,336234.942190314,1,1,2423.12828831215,1322.08908998005,1,61302000331,61302000330401
126.5,-0.036666615800944255,-0.00104443867982592,960.0000000030568,13.796370964763128,132.9600067138672,0.05166676838926389,-0.003733334011591789,1050.0000000015618,76.20362903374189,131.1999969482422,0.02766672770112507,0.002155558268158873,1170.0000000008963,196.20362903307637,,,,,,,,,,,67.0,6.81632653061224,1.09041130151685,67.0,335658.521895133,1,1,2430.19745400146,3224.80916813264,1,61302000331,61302000330371
125.5,0.0,0.00309999254028847,900.0000000008918,5.292338710265085,128.2899932861328,0.008666483560720391,-4.444546170289776e-05,840.0000000022553,54.707661288371355,127.7300033569336,-0.0036664326987059415,0.0002555592854780398,779.9999999999166,114.70766129071012,,,,,,,,,,,61.5,67.25,1.09041130151685,61.5,335439.442769487,1,1,2432.55384256457,3224.80916813264,1,61302000331,61302000330361
120.5,0.0,0.0071888902450724275,1350.0000000005718,8.945564515369597,128.5800018310547,0.015333557129214801,-0.0005333201090702698,1169.9999999995828,188.94556451635867,126.87999725341797,0.0009999593098849577,2.221849229482992e-05,1050.0000000001442,308.9455645157973,130.22999572753906,0.3243331909247729,0.010811106364385904,1439.9999999996778,81.05443548373637,130.02000427246094,0.0013336181640072314,2.2243923607904767e-05,1770.0000000013745,411.05443548543303,92.0,72.7755102040816,1.09041130151685,92.0,334863.567029932,1,1,2440.40847110825,3224.80916813264,1,61302000331,61302000330331
119.5,0.0,0.0,600.0000000001309,11.915322580862608,130.00999450683594,0.3503331502249916,0.011677771674070622,660.0000000006065,71.91532258133827,129.1300048828125,-0.007666524251479015,-0.0002777777777899281,840.0000000001733,251.915322580905,,,,,,,,,,,42.0,429.0,1.09041130151685,42.0,334650.596419747,1,1,2442.76485967136,3224.80916813264,1,61302000331,61302000330321
119.0,0.0,-0.0005555555555587115,480.0000000005229,1.5120967741531217,127.48999786376953,0.04300003051895164,-0.0014222208658062068,689.9999999996613,208.4879032249853,125.81999969482422,-0.018999989827348244,-0.00020000033906484598,930.000000000501,448.487903225825,125.2300033569336,0.013666788736583326,0.0003777821858455647,360.0000000007016,121.5120967739744,124.41000366210938,0.00033340454102627465,-5.555894639890828e-05,209.99999999988987,271.5120967747862,39.0,9.0,1.09041130151685,39.0,334468.219931747,1,1,2445.12124823446,3224.80916813264,1,61302000331,61302000330311
118.0,-0.28700002035713534,-0.011433334351333434,419.9999999998125,14.395161290507133,123.26000213623047,0.17533340454909815,0.00584444681857269,479.99999999895596,45.60483870863635,122.93000030517578,-0.004333241780402332,0.00012223137749976394,630.0000000005135,195.60483871019392,,,,,,,,,,,42.0,24.0,1.10389084607951,42.0,334273.396026683,1,1,2447.47763679757,1389.06111021129,1,61302000331,61302000330301
117.5,-0.195999908452482,-0.0058999972876404025,839.9999999981057,8.981854840404253,122.43000030517578,0.16433334350003292,0.005477778116473549,899.9999999993013,51.01814516079128,122.37999725341797,0.0,0.00022222730847638368,1109.9999999992942,261.01814516078423,,,,,,,,,,,68.0,36.7755102040816,1.10389084607951,68.0,334071.505749278,1,1,2450.22675678786,1389.06111021129,1,61302000331,61302000330291
116.0,0.0,0.0,600.0000000003747,9.55040322606419,122.83000183105469,0.22766672770411095,0.0075888909235466324,659.9999999994992,69.55040322518869,121.56999969482422,0.00566660563158025,0.0017777760823605895,749.999999998941,159.5504032246305,,,,,,,,,,,42.0,20.16,1.10860320833914,42.0,333654.400046386,1,1,2454.54680248688,1401.31509361788,1,61302000331,61302000330271
115.5,-0.34200007122006587,-0.012466668023826585,959.9999999997746,4.881048387364444,123.2300033569336,0.2576667785588796,0.008588892618443535,1020.0000000002376,55.1189516130986,119.75,0.004333241780765337,0.0002444373236913285,1589.9999999994357,625.1189516122967,129.4499969482422,0.17099990844832513,0.004388885498134874,810.0000000004599,154.88104838667914,121.94999694824219,0.0003331502278651887,2.2210015191174452e-05,329.999999999541,634.881048387598,67.0,164.4,1.12745265737763,67.0,333461.731365646,1,1,2456.51045962281,1450.33102724425,1,61302000331,61302000330261
115.0,0.0,-0.000555555555576335,1619.9999999996694,7.881048385661188,122.30999755859375,0.24366658527980253,0.008122219509104892,1680.0000000003513,67.88104838634308,120.31999969482422,-0.007333374023264144,-0.0003555552164638174,2070.000000000991,457.8810483869827,131.5,0.06266682942375625,-0.004166658189656612,1440.0000000019315,172.11895161207667,120.83000183105469,0.0013333638509159453,-5.5558946394752414e-05,1230.000000000797,382.11895161321127,108.0,277.805555555556,1.12745265737763,108.0,333283.369549624,1,1,2458.86684818591,1450.33102724425,1,61302000331,61302000330251
114.0,0.0,0.0,1230.0000000002965,13.463709678103442,121.79000091552734,0.03199996948192614,0.001077770656976492,1349.9999999994911,133.46370967729808,119.70999908447266,-0.00033340454102021895,0.00014444139268111466,1769.9999999997901,553.4637096775971,121.37000274658203,-0.013666534423602631,-0.0009111022948922684,1110.0000000002847,106.53629032190838,118.05999755859375,0.0006665547688907365,-1.1113484700855106e-05,569.9999999989441,646.536290323249,80.0,198.69387755102,1.12745265737763,80.0,333075.371468672,1,1,2461.6159681762,1450.33102724425,1,61302000331,61302000330241
113.0,0.0,0.0,570.000000002209,6.907258062355027,118.52999877929688,0.0016665140787371674,5.555046928994311e-05,450.0000000004482,126.90725806411587,117.11000061035156,0.0009999593098991583,-0.0004055362277656054,29.999999999900243,546.9072580646638,,,,,,,,,,,42.0,99.04,1.12745265737763,42.0,332858.967086724,1,1,2463.57962531212,1450.33102724425,1,61302000331,61302000330231
112.5,0.0,0.0,540.0000000009323,0.5806451607267036,118.13999938964844,0.004333241780586495,-0.00010000440808210871,390.0000000004878,150.58064516117128,116.55999755859375,0.0006665547688814868,-0.00027216593424248415,29.99999999994246,510.5806451617166,,,,,,,,,,,42.0,599.76,1.2534224284463,42.0,332677.556153574,1,1,2465.54328244804,1132.39570402699,1,61302000331,61302000330221
112.0,0.0,0.007255554199458455,1920.0000000001676,9.762096774480824,119.41999816894531,0.006000010172340459,-0.0003555552164688882,1800.0000000004209,129.76209677422753,114.54000091552734,-0.00533320109050041,-2.2218492286923807e-05,330.00000000026347,1599.7620967743849,,,,,,,,,,,134.0,493.888888888889,1.2534224284463,730.0,332477.446726631,2,4,2467.89967101115,1132.39570402699,1,61302000331,61302000330211
111.0,0.0,0.0005555555555380983,1260.0000000008338,7.705645161120401,119.41999816894531,0.006000010172169246,-0.0004777781168644702,960.0000000016944,307.7056451602598,117.87999725341797,-0.0030001322428241254,-4.4453938799831184e-05,720.0000000003288,547.7056451616254,,,,,,,,,,,78.0,84.24,1.2534224284463,730.0,332266.610423466,2,2,2469.86332814707,1132.39570402699,1,61302000331,61302000330201
109.5,0.0,0.0,1440.0000000012283,14.612903227104198,115.72000122070312,-0.003999837239752705,-0.0004555426703648156,1319.9999999990139,105.3870967751102,114.44000244140625,0.0,-0.00015555487737645658,780.0000000008966,645.3870967732274,,,,,,,,,,,88.5,74.0,1.02549596010359,730.0,331670.919968844,2,2,2477.32522526357,966.390211108915,1,61302000331,61302000330171
109.0,0.0,0.0,959.999999999846,10.808467742320317,114.66999816894531,0.0,1.1113484701018593e-05,869.9999999995435,79.19153225798209,113.54000091552734,0.0019999186196819293,6.666395398573972e-05,450.00000000063045,499.1915322568952,,,,,,,,,,,63.0,60.4897959183674,1.01568586449511,63.0,331486.232472338,1,2,2480.07434525386,603.761289331967,1,61302000331,61302000330161
108.0,0.0,0.006422220866340088,779.9999999980289,11.473790323415528,113.77999877929688,-0.00033340454099794293,-3.334045409939576e-05,720.0000000001528,71.47379032129163,113.18000030517578,0.006666564941235242,0.00022221883136880783,329.99999999898176,461.47379032246266,,,,,,,,,,,54.0,74.8888888888889,1.14013556964083,54.0,331274.450106474,1,1,2482.43073381696,763.995196456586,1,61302000331,61302000330151
107.5,0.0,0.005555555555527871,1080.0000000003135,6.568548386833982,113.80999755859375,0.012000020345567767,-0.006211107042228209,1139.999999999579,66.56854838609934,112.94000244140625,0.004666646321681502,0.0002444373236832256,1289.9999999994977,216.56854838601816,113.43000030517578,0.01466674804706075,0.0005666690402682026,959.9999999999139,113.43145161356563,111.87999725341797,-0.001000213623057865,-8.477105877478498e-09,449.9999999998823,623.4314516135973,67.0,101.888888888889,1.26622029072129,67.0,331079.626200387,1,1,2484.78712238007,984.667257210697,1,61302000331,61302000330141
103.0,-0.016666666666812564,-0.001111111111140676,929.9999999998762,14.340725806090518,109.5999984741211,-0.00033340454100850545,-0.00022222730848573565,840.0000000009192,75.65927419286652,109.69000244140625,-0.0016665140787744692,8.477106943921487e-09,600.0000000001776,315.6592741936081,,,,,,,,,,,63.0,176.4,1.00337992611121,63.0,329289.984732181,1,1,2505.99461944802,811.706215329503,1,61302000331,61302000330051
102.5,0.0,0.0,1260.0000000000616,5.588709677644374,109.18000030517578,0.0,-8.889092339644176e-05,1169.999999999369,84.4112903230482,108.44000244140625,0.005000050862665812,0.00014444139268902277,629.9999999997189,624.4112903226984,108.66999816894531,0.024666595458789572,-0.005211113824043814,1349.9999999995937,95.58870967717644,108.3499984741211,0.012666575113949476,0.00047776963975772673,1469.9999999998815,215.5887096774643,84.0,0.0,1.00337992611121,84.0,329108.189568943,1,1,2508.35100801112,811.706215329503,1,61302000331,61302000330041
102.0,0.0,0.0,570.0000000003884,6.828629032757135,109.5,0.0,-0.0009666697184383941,389.99999999904554,173.17137096858568,107.02999877929688,0.002666727701787218,0.0003111182318685479,90.00000000063042,473.1713709670008,,,,,,,,,,,42.0,86.4,1.01957035550705,42.0,328881.109546327,1,1,2510.31466514704,1133.35731494266,1,61302000331,61302000330031
101.5,0.0,0.0,839.9999999995323,4.4032258067952625,108.68000030517578,0.01766662597687582,0.0001333279079980911,749.9999999992035,94.40322580712404,106.69000244140625,-0.003999837239603349,2.222696940225415e-05,359.99999999933493,484.4032258069926,,,,,,,,,,,63.0,293.04,1.01957035550705,63.0,328685.007804558,1,1,2512.27832228297,1133.35731494266,1,61302000331,61302000330021
99.5,0.0,0.0047333357068944735,960.0000000000006,7.711693548592962,104.86000061035156,0.17866668701318258,0.005955556233821547,1050.0000000001712,82.28830645157768,104.22000122070312,-0.000333404541017174,6.666395399276306e-05,1530.0000000000305,562.2883064514369,,,,,,,,,,,55.5,86.8055555555556,1.1226375292022,55.5,328088.36260022,1,1,2520.13295082665,1091.50865753559,1,61302000321,61302000320551
98.5,0.0,0.0,569.9999999986093,6.828629031202581,104.23999786376953,0.01066665649400315,0.0003555552164621891,419.99999999915013,143.17137096825655,103.58000183105469,-0.002333323160880205,6.666395399084655e-05,239.99999999832835,323.17137096907834,,,,,,,,,,,42.0,107.25,1.1226375292022,42.0,327712.11869092,1,1,2524.84572795286,1091.50865753559,1,61302000321,61302000320531
93.5,0.01666666666666755,0.001111111111111229,690.0000000005844,3.7016129027458646,99.20999908447266,0.006999969482439356,-0.0006333329942480586,600.0000000007358,86.2983870971027,98.22000122070312,-0.06499989827490191,-0.002922219170479005,510.000000000237,176.2983870976015,,,,,,,,,,,39.0,395.25,1.11804971397034,39.0,326316.075036084,1,1,2540.94771646741,1265.38413315614,1,61302000321,61302000320461
93.0,0.0,0.0,990.0000000016424,6.084677418281672,99.58000183105469,0.01500015258750147,0.00042222764754595133,1230.0000000009734,233.91532258104928,98.9000015258789,0.00033340454100697537,-2.2218492294767197e-05,1410.0000000016623,413.9153225817382,,,,,,,,,,,67.0,111.84,1.16509698199348,67.0,326085.562165457,1,1,2542.91137360333,1056.17012170833,1,61302000321,61302000320451
92.5,0.0,0.0,989.9999999995869,1.9475806451723656,100.25,0.01866658528665725,0.0006333245171574716,1139.9999999994354,151.94758064502093,98.0199966430664,-0.0046669006347635385,0.0005111016167579517,1259.9999999991596,271.94758064474513,101.0999984741211,0.040999857584617085,0.001366661919486625,809.9999999994991,178.0524193549154,99.98999786376953,-0.002333323160884281,0.00044444613986951916,659.9999999988694,328.0524193555451,61.5,41.25,1.16509698199348,61.5,325907.200344094,1,1,2545.26776216644,1056.17012170833,1,61302000321,61302000320441
91.5,-0.06866658528763633,-0.004577772352442543,960.0000000003407,1.3548387091949508,96.62999725341797,0.008333333333347607,-0.0003333282470774154,659.9999999994047,298.64516129174103,94.33999633789062,-0.28266677855735817,-0.008755560980411515,389.9999999997702,568.6451612913756,,,,,,,,,,,39.0,20.0,1.16553646355619,39.0,325111.248891828,1,1,2554.69331641886,2055.53943584899,1,61302000321,61302000320401
91.0,-0.1083333333337993,-0.0034777747260507836,900.000000000165,6.641129032304548,97.30000305175781,0.006000010172433933,0.00020000033907806078,690.0000000004783,216.64112903199123,94.1500015258789,-0.016666666666840545,0.004211112128436967,449.9999999999444,456.6411290325251,,,,,,,,,,,42.0,8.64,1.16553646355619,42.0,324885.213479247,1,1,2556.65697355478,2055.53943584899,1,61302000321,61302000320391
91.0,0.0,0.0,1019.9999999992311,8.854838710791114,95.38999938964844,0.006333414713427399,0.00031111823187459655,929.9999999996332,98.854838710389,93.44000244140625,-0.004333241780393038,0.0005333370632712474,630.0000000002307,398.8548387097916,,,,,,,,,,,45.0,213.061224489796,1.15824599222058,45.0,324510.749534273,1,1,2561.36975068099,1928.05951343807,1,61302000321,61302000320371
90.5,0.0,0.0,1200.0000000014586,6.000000001248736,93.41000366210938,-0.000666554768907385,-0.0006666649712542118,989.9999999996929,204.00000000051693,91.93000030517578,-0.013333384195838233,1.1105007593475071e-05,810.0000000006554,383.99999999955446,,,,,,,,,,,63.0,176.4,1.11450316420692,63.0,323881.454922949,1,1,2568.04618494312,1163.17997897252,1,61302000321,61302000320341
90.5,0.0,0.0,1230.000000000667,10.935483871732458,92.91999816894531,0.018333180745684897,0.00047776963977303784,1349.999999999962,130.9354838710276,91.80999755859375,0.0,3.33319769962269e-05,1920.000000000358,700.9354838714237,,,,,,,,,,,69.0,268.25,1.12474851084166,69.0,323706.525790499,1,1,2570.40257350623,2042.41653259731,1,61302000321,61302000320331
90.0,0.0,0.0,1260.0000000003236,0.1330645158018342,92.87000274658203,0.002333323160945461,1.1105007602212752e-05,1379.9999999993959,119.86693548327048,91.70999908447266,-0.0006668090820630385,-2.2226969403160904e-05,2099.9999999995794,839.866935483454,,,,,,,,,,,73.5,136.25,1.12679758016861,73.5,323498.527232951,1,1,2572.75896206934,2218.26384332227,1,61302000321,61302000320321
88.0,0.0,0.0,960.0000000018242,3.870967739962225,91.98999786376953,0.11633326212608484,0.003322219848690272,1140.0000000012271,176.1290322594407,91.38999938964844,0.0006665547688998249,2.2218492297314713e-05,1320.00000000063,356.1290322588436,95.31999969482422,0.007999928792357483,-0.0005222235785632431,809.9999999996994,153.87096774208703,94.8499984741211,0.016666666666770184,0.0009333377414372033,630.0000000003712,333.87096774141526,60.5,76.25,1.07796123692539,60.5,322500.85278516,1,1,2584.54090488486,1505.29375989406,1,61302000321,61302000320271
87.5,0.0,0.0,1289.999999998624,11.854838707829003,91.69000244140625,0.03966674804782322,0.0015444437663432915,1109.9999999992872,168.14516129150775,90.0999984741211,-0.021000162760918668,0.0021999867758197428,989.9999999993893,288.14516129140566,,,,,,,,,,,90.0,178.122448979592,1.02912489368216,90.0,322308.703619515,1,2,2587.29002487515,792.323676465856,1,61302000321,61302000320261
85.5,0.0,0.0,1110.0000000007633,7.209677420004482,89.61000061035156,-0.00033340454100966907,-0.004588894314362526,1380.000000000441,277.2096774196823,89.11000061035156,0.0,0.00035555521648018504,1590.000000000042,487.20967741928325,89.26000213623047,-0.0019999186197126044,-0.0008999972873213644,900.0000000011623,202.79032257959648,86.70999908447266,-0.005000050862843696,-0.0001666683621019061,389.99999999961716,712.7903225811417,71.0,127.25,1.04519377768554,71.0,321715.098836322,1,1,2594.35919056447,909.628577611563,1,61302000321,61302000320231
85.0,-0.06200002034804609,-0.0041333346898967975,959.9999999987268,11.673387097527552,89.08999633789062,0.13633321125865314,0.004544440375142848,1079.9999999996899,108.32661290343549,88.54000091552734,-0.0009999593099078684,-6.666395399319122e-05,1319.9999999993486,348.3266129030942,,,,,,,,,,,54.0,99.6326530612245,1.35269734024907,54.0,321514.925438533,1,1,2597.10831055476,969.424946860058,1,61302000321,61302000320221
83.0,0.0,0.0,1049.9999999994707,2.854838709124806,86.87999725341797,0.01699981689422357,0.000522215101435066,1230.0000000002658,182.85483870991993,86.37999725341797,0.0,-3.33319769957752e-05,1440.000000000697,392.85483871035103,87.27999877929688,0.00033340454102469155,-5.555046929200103e-05,929.9999999995046,117.14516129084132,86.05000305175781,0.018333435058308204,0.0016333346896583696,719.9999999999936,327.14516129035223,69.0,214.25,1.28527638142786,69.0,320910.488920819,1,1,2604.17747624407,935.39065852085,1,61302000321,61302000320191
80.5,0.0,0.002355558607294631,690.0000000011235,13.838709678615942,85.08000183105469,0.005333455403480503,-0.0003111012776639376,1110.0000000010814,433.8387096785739,84.80000305175781,-0.001999918619783709,-9.999593098978997e-05,1890.000000000085,1213.8387096775775,,,,,,,,,,,68.5,408.472222222222,1.72094045130677,68.5,319889.184313897,1,1,2615.9594190596,1826.56988847991,1,61302000321,61302000320141
80.0,0.0,0.0,569.9999999996867,7.0100806446380375,83.9800033569336,0.0,0.0007333289252483529,780.0000000002051,217.01008064515645,81.81999969482422,-0.0069999694823043085,-0.00023333231607289138,1140.000000000505,577.0100806454564,,,,,,,,,,,57.0,18.0,1.72094045130677,57.0,319108.032767656,1,1,2625.38497331202,1826.56988847991,1,61302000321,61302000320101
80.0,0.0,0.0,899.9999999992266,8.419354839293305,83.06999969482422,0.0036666870118682478,0.00012222290040059153,509.9999999991971,398.4193548393228,81.66000366210938,0.1199951171875,-0.003866509331561565,0.0,908.4193548385199,,,,,,,,,,,48.0,126.138888888889,3.0903865062637,48.0,317698.234918206,1,1,2641.87969325376,775.080144433251,1,61302000321,61302000320031
80.0,0.0,0.0,750.0000000000185,7.893145161211464,82.36000061035156,0.0,-1.1113484700980438e-05,539.999999999797,202.1068548390101,81.13999938964844,0.160003662109375,-0.005155673556820564,0.0,742.1068548388071,,,,,,,,,,,54.0,74.8888888888889,1.70296991319287,54.0,317490.995143586,1,1,2644.23608181686,685.701086225873,1,61302000321,61302000320021
79.5,0.0,0.0006666649712456041,1110.000000001057,4.923387097536988,84.26000213623047,0.03933334350604078,0.00038888719350860506,720.0000000009577,385.0766129025624,79.80000305175781,-0.0009999593099023032,-2.1882813848140685e-15,90.00000000155462,1015.0766129019654,,,,,,,,,,,75.0,480.24,1.06651311958872,75.0,316688.620728555,1,1,2653.66163606928,1223.46821438884,1,61302000311,61302000310541
79.5,0.0,-0.0005555555555585894,899.9999999989452,6.604838708201669,81.87000274658203,-0.004333241780476539,-0.0004000006781629319,599.9999999989566,293.39516129178696,79.86000061035156,0.0006668090820737107,-0.0002722930908437487,29.999999998089677,863.3951612926538,,,,,,,,,,,67.0,183.918367346939,1.07869117056062,67.0,316506.825843381,1,1,2656.41075605957,1325.66280827785,1,61302000311,61302000310531
79.0,0.0,0.0,900.0000000001035,11.467741935428421,79.98999786376953,0.001333363850839455,-0.0010111067030045809,1110.0000000013554,198.5322580658235,80.0199966430664,0.002666473388766213,0.00014443291558694502,1230.0000000005623,318.5322580650304,,,,,,,,,,,52.5,90.4722222222222,1.07869117056062,52.5,316281.407810639,1,1,2658.76714462268,1325.66280827785,1,61302000311,61302000310521
77.5,0.0,0.0016999986436248245,1199.999999999329,10.0645161298512,80.13999938964844,-0.000999959309894833,-2.221849229593457e-05,899.9999999989398,289.93548387053806,80.04000091552734,-0.003333282470708165,-6.666395399325715e-05,719.9999999990235,469.9354838704543,,,,,,,,,,,54.0,43.1388888888889,1.12120923722943,54.0,316095.597548104,1,1,2661.12353318579,1343.33551192528,1,61302000311,61302000310511
75.0,0.0,0.0,539.9999999996704,14.552419354959625,79.87000274658203,-0.0003331502278728697,8.477104685250283e-09,390.00000000058304,164.552419354047,79.70999908447266,-0.0009999593098277742,-3.33319769919905e-05,60.00000000224017,494.55241935238985,,,,,,,,,,,42.0,60.0,1.33379957057347,42.0,315684.369251435,1,1,2666.22904173918,1431.69903016246,1,61302000311,61302000310491
75.0,0.0,0.0,720.0000000000083,13.155241935692743,79.06999969482422,0.004666646321404138,0.0002000003390684562,960.0000000003095,253.1552419359939,78.79000091552734,0.0009999593099039503,0.00017777336967835961,1260.0000000000748,553.1552419357592,,,,,,,,,,,54.0,265.959183673469,1.33379957057347,54.0,315501.398639702,1,1,2668.97816172947,1431.69903016246,1,61302000311,61302000310481
74.0,0.0,0.0070444403756724176,689.9999999992594,1.4758064524560268,80.33999633789062,0.0013331095377571178,-0.00047778659397347556,630.0000000002747,61.4758064514408,79.86000061035156,-0.011000061035155563,-0.00027778625488256305,539.9999999993181,151.47580645239736,,,,,,,,,,,42.0,86.4,1.80916628611516,42.0,314475.373307987,1,1,2680.760104545,2071.43933870315,1,61302000311,61302000310431
74.0,0.0,0.0,989.9999999995254,3.084677419251989,80.5,-0.0023333231608578696,-0.00023333231607798748,899.9999999999903,86.91532258028303,80.3499984741211,-0.002333323160738755,-2.2218492293283686e-05,750.0000000001331,236.91532258014024,80.79000091552734,0.010000101725492415,0.0003555636935916845,1199.9999999993397,213.08467741906634,79.83000183105469,-0.015333302815258165,-0.0004111141628308445,1470.0000000003333,483.08467742005996,63.0,179.888888888889,1.80916628611516,63.0,314279.271555504,1,1,2683.1164931081,2071.43933870315,1,61302000311,61302000310421
74.0,0.0,0.006766662597792618,990.0000000009757,6.375000000289788,80.2699966430664,0.003333282470839383,5.555894640556076e-05,749.9999999994939,233.625000001192,80.01000213623047,-0.0006665547688660706,4.4445461699204874e-05,570.0000000002524,413.6250000004335,80.80999755859375,0.0076665242516042904,0.00022221883139981335,1200.0000000000316,216.37499999934573,80.44000244140625,0.0009999593098433425,6.666395398706703e-05,1500.0000000018763,516.3750000011904,63.0,7.06122448979592,1.80916628611516,63.0,314079.098157589,1,1,2685.86561309839,2071.43933870315,1,61302000311,61302000310411
73.5,0.0,0.006344443427013708,690.0000000008034,12.653225805557781,79.47000122070312,0.19900004069084548,0.0066333346897195595,779.999999999593,77.3467741932318,78.5199966430664,-0.0023333231609166177,4.444546169491856e-05,1049.9999999988008,347.3467741924396,,,,,,,,,,,42.0,98.0,1.80916628611516,42.0,313681.505529308,1,1,2690.5783902246,2071.43933870315,1,61302000311,61302000310391
73.5,0.0,0.0,930.0000000003936,2.6552419358322368,77.55999755859375,0.1353332519531604,0.00451110839843986,1020.000000000098,92.65524193553665,77.4000015258789,-0.0009999593098915438,-3.3331976996241805e-05,1140.0000000003165,212.65524193575516,,,,,,,,,,,49.5,381.0,1.80916628611516,49.5,313457.858621697,1,1,2692.93477878771,2071.43933870315,1,61302000311,61302000310381
73.0,0.0,0.0,1139.9999999996062,14.764112903178784,78.18000030517578,0.17266667684095285,0.0057555558947571,1229.9999999994282,104.76411290300075,76.22000122070312,-0.001999918619800943,5.555894639736416e-05,1739.9999999994777,614.7641129030503,,,,,,,,,,,63.0,29.265306122449,1.26791710721047,63.0,313080.656819532,1,1,2698.0402873411,1271.02122107627,1,61302000311,61302000310361
72.5,0.0,0.007522218492245609,689.9999999998885,0.7500000002593197,77.37999725341797,0.015999857584700475,-0.004355561998202882,779.9999999996709,89.24999999952308,76.87000274658203,0.0,0.00017777336968284713,929.9999999998028,239.24999999965496,,,,,,,,,,,63.0,38.16,1.26791710721047,63.0,312666.752320947,1,1,2702.36033304013,1271.02122107627,1,61302000311,61302000310341
72.0,0.0,0.0,899.9999999995057,5.1290322588217805,77.0,0.006666564941387858,-0.00038889567059309575,750.0000000005186,155.12903225780883,75.70999908447266,-0.00300013224300535,-8.889940051025256e-05,509.9999999997531,395.1290322585744,,,,,,,,,,,48.0,80.2222222222222,1.6474289802915,48.0,312061.743765157,1,1,2709.82223015663,1445.81888680668,1,61302000311,61302000310311
72.0,0.0,0.0,930.0000000001967,1.282258064155144,76.16000366210938,0.0023335774740407436,-0.0002777693006704518,720.0000000002882,208.71774193575334,75.37999725341797,0.0006665547688626732,-1.1113484699936107e-05,330.000000001208,598.7177419348336,,,,,,,,,,,46.5,167.0,1.6474289802915,46.5,311844.963124618,1,1,2712.17861871973,1445.81888680668,1,61302000311,61302000310301
72.0,0.0,0.0,960.0000000001428,6.6169354839775,74.95999908447266,0.0986666361481766,0.006444439358116813,660.0000000002799,293.3830645158854,73.69999694824219,0.0,1.1113484700890239e-05,90.00000000083195,863.3830645153333,,,,,,,,,,,63.0,99.4722222222222,1.6474289802915,63.0,311659.746984406,1,1,2714.53500728284,1445.81888680668,1,61302000311,61302000310291
71.5,-0.01700007120798492,-0.0005555640326807008,329.99999999970294,3.0604838707052977,74.94999694824219,0.0026664733886399136,7.77689615863463e-05,630.0000000001879,303.0604838711903,74.80999755859375,0.0,-2.22184922966077e-05,839.9999999995281,513.0604838705304,,,,,,,,,,,67.0,59.44,1.6474289802915,67.0,311442.591932897,1,1,2716.49866441876,1445.81888680667,1,61302000311,61302000310281
71.5,0.0,0.0027666642930711445,839.9999999996485,13.463709677242946,74.63999938964844,-0.0016667683918761896,-6.667243109475339e-05,509.99999999959726,316.53629032280827,74.33000183105469,-0.000999959309901978,-3.3331976996937416e-05,179.99999999998772,646.5362903224178,,,,,,,,,,,86.5,176.472222222222,1.92141365757383,86.5,311057.795903208,1,1,2721.60417297216,1369.38531199296,1,61302000311,61302000310261
73.0,-0.09533335367884929,-0.0033222198486661343,959.9999999998225,14.340725806634737,76.12000274658203,0.001666768391998982,-0.0001888868543776655,810.0000000001692,164.3407258062881,75.61000061035156,0.0,9.99959309840292e-05,660.0000000016639,314.34072580479335,,,,,,,,,,,63.0,206.64,3.29133704398549,63.0,310439.556248282,1,1,2728.67333866147,987.217437924395,1,61302000311,61302000310231
72.5,-0.19633331298011567,-0.005499996608638696,1050.000000001076,1.475806450480377,76.7300033569336,0.141000111904768,0.01124444749671955,1079.9999999995905,28.52419354803419,76.04000091552734,-0.00033340454102226825,-2.222696940121762e-05,1380.0000000002838,328.52419354872745,,,,,,,,,,,67.0,81.6734693877551,3.29133704398549,67.0,310254.3282668,1,1,2731.42245865176,987.217437924395,1,61302000311,61302000310221
72.5,0.0,0.004144448174197882,810.0000000009607,5.782258065605561,76.62999725341797,0.13766657511538416,0.004588885837227868,840.0000000006443,35.78225806528917,75.97000122070312,0.0,2.2218492296456394e-05,1230.0000000003497,425.7822580649946,,,,,,,,,,,52.5,124.888888888889,3.29133704398549,52.5,310035.018751812,1,1,2733.77884721487,987.217437924395,1,61302000311,61302000310211
72.0,-0.10666656494160148,-0.0035555521647265575,630.0000000006488,9.550403225999958,76.19000244140625,0.13966674804351623,0.008211110432639791,660.0000000013703,20.4495967747215,75.87999725341797,-0.002000172932946369,-1.1121961804158677e-05,750.0000000001614,110.44959677351267,,,,,,,,,,,42.0,5.0,3.29133704398549,42.0,309850.331254222,1,1,2736.13523577797,987.217437924395,1,61302000311,61302000310201
73.0,-0.12566655476746225,-0.0036999935573034507,179.99999999993406,10.203629032301592,76.30000305175781,0.009000142415281943,0.0005666690402512925,360.0000000000685,169.79637096783284,73.58000183105469,-0.0003331502278698353,0.00030001322428555076,1499.9999999999175,1309.796370967682,,,,,,,,,,,60.0,30.1224489795918,3.29133704398549,60.0,309647.855147237,1,1,2738.88435576826,987.217437924395,1,61302000311,61302000310191
71.0,0.0,0.0,1290.0000000011637,13.596774194715408,74.83000183105469,0.011333465575896144,0.00013333638507657193,930.0000000002176,346.4032258062307,73.13999938964844,0.0003334045410283641,1.1113484701370108e-05,239.99999999995717,1036.403225806491,,,,,,,,,,,72.5,318.805555555556,1.56635805791285,72.5,308232.972909767,1,1,2754.98634428281,1516.6083766225,1,61302000311,61302000310121
70.5,0.0,0.0,689.9999999999964,1.5725806446796469,76.97000122070312,0.01800003051828535,0.00022221883143283975,1200.0000000005095,511.57258064519283,73.2300033569336,0.0,5.5550469289892796e-05,1590.0000000011007,901.572580645784,,,,,,,,,,,60.0,58.530612244898,1.07577118898572,60.0,307828.44725459,1,1,2760.48458426339,1262.61453814564,1,61302000311,61302000310101
70.5,0.0,0.0,870.000000000173,0.356854838583331,73.58999633789062,0.006666564941448238,-0.002988891601500074,1049.9999999994645,179.64314516070817,71.87999725341797,0.0003331502278764735,0.0002888827853741113,1709.9999999989843,839.643145160228,,,,,,,,,,,61.5,113.0,1.49064114482963,61.5,307226.113268249,1,1,2767.16101852552,1060.65081285897,1,61302000311,61302000310071
69.0,0.0,0.0,809.9999999998244,9.254032258251073,74.41999816894531,0.0,-0.0014666663276239836,690.0000000004338,129.2540322576416,71.77999877929688,-0.002666727701969298,-0.00018889533149799769,359.99999999981696,459.25403225825846,,,,,,,,,,,63.0,103.25,1.49064114482963,63.0,307034.280987407,1,1,2769.51740708863,1060.65081285897,1,61302000311,61302000310061
68.0,0.0,0.0,299.9999999997352,11.237903225306297,74.91999816894531,-0.001333363850924631,0.002411109076659015,779.9999999999673,491.23790322553833,71.80000305175781,0.0016667683918995568,0.0001333363850890549,1260.0000000009577,971.2379032265287,,,,,,,,,,,73.5,136.472222222222,1.2329696940505,73.5,306227.237821517,1,1,2778.94296134105,1183.47406580024,1,61302000311,61302000310021
70.0,0.0,0.0026333363852027833,989.9999999996502,13.681451613005152,73.01000213623047,0.00200017293304405,0.00013334486220576317,869.999999998902,133.68145161375332,72.72000122070312,-0.005666605631647871,-7.777743869802967e-05,719.9999999994903,283.681451613165,,,,,,,,,,,63.0,113.76,1.17370854550931,63.0,305621.37780459,1,1,2786.01212703037,1202.1580744616,1,61302000301,61302000300551
69.5,-0.08100001017447674,-0.0018999989828384519,689.9999999989507,9.18145161334894,72.91000366210938,-0.0009999593098890995,-3.3331976996078857e-05,599.9999999992749,99.1814516130247,72.77999877929688,-0.0013333638509032424,-3.3331976995780884e-05,479.9999999994028,219.1814516128968,72.98999786376953,0.0023333231608643687,-3.333197699126832e-05,989.9999999990305,290.81854838673087,72.2300033569336,0.003333536783730266,0.00023334079317218476,1170.000000000208,470.81854838790844,46.5,91.8055555555556,1.17370854550931,46.5,305413.252982228,1,1,2788.36851559347,1202.1580744616,1,61302000301,61302000300541
69.5,-0.1073333740245951,-0.0034000057645142746,1170.0000000008902,14.87903225728519,71.94999694824219,0.08166656494199798,0.002722218831419657,1230.0000000009134,45.120967742738,71.73999786376953,-0.0023333231608283363,-0.00012222290039421487,1439.9999999997237,255.12096774154838,,,,,,,,,,,75.0,67.5555555555556,1.17370854550931,75.0,305221.862844652,1,1,2790.72490415658,1202.1580744616,1,61302000301,61302000300531
69.5,0.0,0.004633331298712574,960.0000000001852,3.653225806773662,72.08999633789062,0.08633321126160878,0.002877773708673225,1020.0000000001332,56.34677419317438,71.3499984741211,0.0039998372396401445,0.00016665988498639777,1199.9999999990605,236.34677419210163,,,,,,,,,,,67.0,104.69387755102,1.01446296326968,67.0,304827.878492031,1,1,2795.43768128279,724.98331966843,1,61302000301,61302000300511
69.0,-0.053333282471233256,-0.002233327229862896,720.000000000731,2.709677419710033,75.37000274658203,0.020000203449520228,0.0001666768391154114,930.0000000012773,212.7096774202563,73.62999725341797,0.03233311971066385,0.001211098565019472,1110.0000000002967,392.70967741927575,77.16000366210938,0.0,-0.0006555599636640583,479.9999999995834,237.29032258143758,72.16000366210938,0.00566685994419821,0.00014444986976397484,60.00000000215417,657.2903225788668,65.0,197.583333333333,1.91958131858964,65.0,304604.177344721,1,1,2797.79406984589,829.920436970994,1,61302000301,61302000300501
69.0,0.0,0.0,749.9999999997926,6.653225806183286,72.54000091552734,0.0023333231607919947,1.1113484700116437e-05,1260.0000000001053,516.6532258064959,71.72000122070312,-0.002999877929679474,2.2226969402818022e-05,1500.000000000123,756.6532258065137,,,,,,,,,,,51.0,156.69387755102,2.10060498965363,51.0,304228.186401759,1,1,2802.89957839929,850.907860431507,1,61302000301,61302000300481
69.0,0.0,0.003188891940583113,479.9999999991724,9.278225805645775,70.56999969482422,0.0523333231599562,0.0017444441053035037,509.9999999996603,39.27822580613366,70.19999694824219,-0.0013333638509204523,1.1113484700525915e-05,869.9999999998632,399.2782258063366,,,,,,,,,,,42.0,99.04,2.10060498965363,42.0,303996.890258082,1,1,2804.86323553521,850.907860431507,1,61302000301,61302000300471
68.5,0.0,0.010422219170812526,1139.999999999167,11.612903225394575,74.52999877929688,-0.003666687011617093,0.00040000067817715497,1349.9999999999638,198.38709677540237,68.8499984741211,-0.000999959309920548,3.334045410016701e-05,1739.9999999987963,588.3870967742348,,,,,,,,,,,65.0,87.25,1.95550565771745,65.0,303817.770003926,1,1,2807.21962409832,1010.4048594636,1,61302000301,61302000300461
68.0,0.0,0.011077779133966603,960.0000000002256,13.094758064773941,76.43000030517578,0.05666656494200667,0.0013555484348311783,1290.0000000000093,343.0947580645577,68.8499984741211,-0.0009999593099002367,1.1113484697295941e-05,1829.9999999996414,883.0947580641898,,,,,,,,,,,71.0,138.138888888889,1.23000899803658,71.0,303627.33772396,1,1,2809.57601266142,1807.88985462405,1,61302000301,61302000300451
68.0,0.0,0.0,1559.9999999998183,6.919354838663139,74.16000366210938,0.20533345540263429,0.006844448513387424,1679.9999999999156,113.08064516143418,68.83000183105469,-0.00033315022785745783,8.477105183784473e-09,2399.9999999997754,833.0806451612939,,,,,,,,,,,105.0,58.24,1.23000899803658,105.0,303407.124024877,1,1,2811.53966979734,1807.88985462405,1,61302000301,61302000300441
68.0,0.016666666666801323,0.0005555555555645326,1590.0000000000236,14.104838709850583,74.16000366210938,0.045333353677881376,-0.003822224934933276,1739.9999999998447,164.10483870967164,71.9000015258789,0.00433349609376698,0.00022222730848643168,2009.9999999999604,434.1048387097874,,,,,,,,,,,106.5,86.4722222222222,1.23000899803658,106.5,303011.234748677,1,1,2816.64517835074,1807.88985462405,1,61302000301,61302000300421
67.5,0.0,0.0,1589.9999999996023,11.080645161466464,72.94000244140625,0.01200002034421762,0.00012222290034984078,1800.0000000013601,198.91935484029136,68.88999938964844,-0.0006668090820156235,-4.44539388013913e-05,2339.9999999999814,738.9193548389126,71.93000030517578,-0.004000091552864739,-0.0007222323947604093,1019.9999999998846,581.0806451611842,70.19000244140625,0.0,3.333197699650315e-05,389.9999999993544,1211.0806451617145,117.0,217.888888888889,1.07924122442666,117.0,302610.723320345,1,1,2821.35795547695,1058.75504777853,1,61302000301,61302000300401
67.5,0.0,0.0,1259.9999999995223,7.306451613368154,70.7300033569336,0.10766677856304713,0.003588892618721371,1379.999999999925,112.69354838703453,68.86000061035156,-0.0009999593099118854,-2.2218492296711097e-05,1679.9999999993709,412.6935483864804,69.87000274658203,0.0063334147133699645,-6.666395399701376e-05,1169.999999999908,97.30645161298253,69.44000244140625,0.000666809082040165,7.778591580049608e-05,959.9999999993885,307.30645161350196,89.0,43.8888888888889,1.0038573376217,89.0,302397.375323182,1,1,2823.71434404005,684.187644355776,1,61302000301,61302000300391
67.0,0.0,0.0,1440.0000000006842,8.679435483951238,69.18000030517578,0.0726666768390049,0.002422222561293903,1530.0000000007835,98.6794354840506,68.58999633789062,-0.00033340454101575133,2.2218492296831938e-05,1860.0000000001537,428.6794354834208,,,,,,,,,,,96.0,65.76,1.56153088247557,96.0,301794.578473793,1,1,2830.39077830218,1257.43557503124,1,61302000301,61302000300361
66.5,0.0,0.0,930.0000000009624,0.2661290311034463,70.3499984741211,0.003999837239538164,-8.889940049751484e-05,1260.0000000003135,329.73387096824774,68.5199966430664,-0.0006668090820433489,1.1105007595024859e-05,1619.9999999997403,689.7338709676745,68.66000366210938,0.0033335367838223705,0.00010001288519705206,809.9999999998178,120.26612903224805,66.76000213623047,0.029998779296875,-0.0009666273328370942,0.0,930.2661290320658,84.0,23.25,1.56153088247557,84.0,301619.849959477,1,1,2832.74716686529,1257.43557503124,1,61302000301,61302000300351
66.0,0.0,0.0,990.0000000000953,7.2338709678133455,67.98999786376953,0.008333333333395199,0.0002000003390886119,900.0000000002964,97.23387096761223,67.5199966430664,0.0006665547688686572,8.888244628845208e-05,600.000000000291,397.2338709676176,,,,,,,,,,,94.0,329.222222222222,1.56153088247557,94.0,301415.121446694,1,1,2835.10355542839,1257.43557503124,1,61302000301,61302000300341
65.5,0.0,0.0,1139.9999999989082,13.81451612994988,67.5999984741211,0.0016665140788171926,-5.5567423499373995e-05,809.9999999992344,343.8145161296236,67.19999694824219,0.0,1.1113484700934434e-05,59.99999999888352,1093.8145161299744,,,,,,,,,,,84.0,4.0,1.24084500391437,84.0,301199.682905036,1,1,2837.06721256432,1486.04973146957,1,61302000301,61302000300331
65.5,0.0,0.0,1230.0000000001226,11.370967741441746,71.91000366210938,0.01466674804619247,-0.006144443088214979,1350.000000001177,131.3709677424963,68.97000122070312,-0.00033340454101746963,1.1105007594413545e-05,1680.0000000009138,461.370967742233,,,,,,,,,,,69.0,250.25,1.24084500391437,69.0,301015.221836229,1,1,2839.42360112742,1486.04973146957,1,61302000301,61302000300321
64.5,0.0,0.0062555525039123365,1320.0000000001435,4.112903225834998,68.16999816894531,0.014333343506651209,0.0004777781169147681,1439.9999999999184,124.1129032256099,67.06999969482422,-0.0013333638509333574,-8.889092339453816e-05,1860.000000000295,544.1129032259864,,,,,,,,,,,84.0,146.0,1.17047200398149,84.0,300410.003246363,1,1,2846.49276681674,1451.37783728864,1,61302000301,61302000300291
64.5,0.0,0.0,1469.999999999551,2.092741935559161,67.62000274658203,0.002000172932860104,6.667243109258332e-05,1680.0000000005318,212.09274193654005,66.88999938964844,0.0,2.2226969400511185e-05,2009.9999999997933,542.0927419358015,,,,,,,,,,,97.5,235.805555555556,1.02972600411573,97.5,300197.40076627,1,1,2848.84915537984,1382.03404892679,1,61302000301,61302000300281
64.5,0.0,0.004477776421418404,1350.0000000000737,8.195564515990327,67.36000061035156,0.0019999186198660147,3.332349989588836e-05,1559.9999999990182,201.8044354829542,66.80000305175781,-0.0006665547689074936,-2.2218492297825965e-05,2009.999999998905,651.804435482841,64.5,-0.13433329264528476,-0.0047555541993615095,1319.9999999994634,38.1955645166006,67.2699966430664,0.0,0.00010000440809642689,989.9999999992227,368.1955645168413,97.5,88.4722222222222,1.02972600411573,97.5,299987.486243069,1,1,2851.20554394295,1382.03404892679,1,61302000301,61302000300271
64.0,0.0,0.0,1440.0000000003895,5.854838710253489,67.8499984741211,0.00833333333316495,0.00044444613985232355,1320.000000000586,114.14516128955006,67.37999725341797,-0.006999969482277781,-0.0002333323160711229,1140.0000000004286,294.1451612897074,,,,,,,,,,,107.5,44.4722222222222,1.02972600411573,107.5,299794.379216423,1,1,2853.56193250605,1382.03404892679,1,61302000301,61302000300261
63.5,0.0,0.0005555555555413362,1260.0000000021616,7.312500002248953,68.6500015258789,0.03233337402395948,0.000677778455979639,1410.0000000005402,157.31250000062755,66.08999633789062,-0.0006668090820222138,-8.477104357873164e-09,1890.0000000005589,637.3125000006462,,,,,,,,,,,94.0,130.244897959184,1.54855651311572,94.0,299400.220360301,1,1,2859.06017248663,1315.42307504117,1,61302000301,61302000300241
63.5,0.0,0.0,1260.0000000011148,10.052419355402208,66.47000122070312,0.005666605631621136,0.00018888685439106187,1590.000000000131,340.05241935441836,66.16000366210938,0.0006668090820072089,1.1113484699042e-05,1950.00000000058,700.0524193548674,,,,,,,,,,,87.0,77.04,1.54855651311572,87.0,299184.410097241,1,1,2861.02382962255,1315.42307504117,1,61302000301,61302000300231
63.0,0.0,0.0,1890.000000000587,1.5604838704700796,66.62000274658203,0.010000101725343106,0.00034445020888145944,2039.9999999998488,148.43951612879164,64.7300033569336,0.0,7.777743869275583e-05,2610.000000000296,718.4395161292389,,,,,,,,,,,94.0,341.673469387755,1.54855651311572,94.0,299002.615168071,1,1,2863.77294961284,1315.42307504117,1,61302000301,61302000300221
63.0,0.0,0.0037444474960543137,1200.0000000008035,1.475806452372126,66.91999816894531,0.0,-0.0006777784559347072,1079.9999999995623,118.5241935488691,65.80000305175781,-0.0009999593099355483,1.111348469926229e-05,419.99999999921755,778.5241935492138,,,,,,,,,,,84.0,48.8055555555556,2.51435815877991,84.0,297990.631692483,1,1,2875.16216100119,1192.47512842385,1,61302000301,61302000300171
63.0,0.0,0.002766664293071134,1199.9999999989184,4.173387096614988,65.62999725341797,0.0009999593099269785,6.666395399610097e-05,989.9999999976746,205.82661290462875,65.13999938964844,0.003333282470901556,0.00023333231608950914,659.9999999990997,535.8266129032037,,,,,,,,,,,85.0,147.888888888889,2.51435815877991,85.0,297777.570080137,1,1,2877.51854956429,1192.47512842385,1,61302000301,61302000300161
63.0,-0.11133321126688378,-0.0038888804120443886,1529.999999999274,3.3084677412123256,67.0999984741211,0.02966664632114825,0.0008333333333081028,1410.0000000003502,116.69153225771151,64.4800033569336,0.0003334045410103829,2.222696940088003e-05,959.9999999998641,566.6915322581975,,,,,,,,,,,108.0,41.8055555555556,2.51435815877991,108.0,297581.624114738,1,1,2879.8749381274,1192.47512842385,1,61302000301,61302000300151
66.54000091552734,0.13466669718204935,0.004488889905995131,1260.000000000467,9.477822580933207,65.44999694824219,0.003333282470619478,0.0001111094156845277,1110.0000000008035,140.52217741873028,64.75,-0.015666707356558587,-0.000522223578544878,750.000000000411,500.52217741912284,,,,,,,,,,,84.0,70.56,2.51435815877991,84.0,297377.345314871,1,1,2881.83859526332,1192.47512842385,1,61302000301,61302000300141
62.5,0.0,0.0,1590.0000000008893,5.999999998701242,66.86000061035156,0.007333374023320336,-0.0049111090764700355,2009.999999999891,414.0000000003006,65.70999908447266,0.0013333638508956126,7.77774386916252e-05,2309.999999999763,714.0000000001726,66.86000061035156,0.02099990844820945,0.0010555521647772031,1079.9999999987751,516.0000000008154,64.87999725341797,-0.0026667277017830295,0.0006555514865470647,809.9999999993212,786.0000000002693,124.5,68.9166666666667,2.44226951274664,124.5,296576.010450793,1,1,2890.87141808855,1136.45837165181,1,61302000301,61302000300101
61.5,0.0,0.0,1260.000000000007,6.774193548105586,66.9800033569336,-0.0073331197103332,-0.0006777699788405146,1350.0000000002287,96.77419354832728,63.29999923706055,0.0,0.00010000016954194912,2160.0000000003697,906.7741935484682,,,,,,,,,,,80.0,13.5555555555556,2.44226951274664,80.0,295802.532993554,1,1,2899.90424091379,1136.45837165181,1,61302000301,61302000300061
61.5,0.0,0.0034444427490108024,1889.9999999998522,12.967741935515278,66.86000061035156,0.020999908447878236,-0.0045555623372706,1979.9999999996073,77.03225806423984,63.150001525878906,-0.0003332773844382703,4.4445461696616755e-05,2850.000000000081,947.0322580647135,,,,,,,,,,,128.0,333.102040816327,1.01057256346202,128.0,295597.209128402,1,1,2902.65336090408,1704.9217882548,1,61302000301,61302000300051
61.5,0.0,0.0,1680.0000000001278,7.923387096792339,65.9800033569336,0.003333536783841913,-0.004755545722215081,1769.9999999999543,97.92338709661885,63.310001373291016,0.0023333231608030475,9.999593098951021e-05,2639.9999999999613,967.9233870966259,,,,,,,,,,,115.0,129.555555555556,1.01057256346202,115.0,295379.615628305,1,1,2905.00974946719,1704.9217882548,1,61302000301,61302000300041
61.5,0.0,0.004199998643641039,1799.9999999998035,6.949596774266865,65.43000030517578,0.020999908447336294,0.0006666564941452558,2009.9999999997017,203.05040322563127,63.25,-0.0006666819254499689,3.333197699725958e-05,2699.9999999996558,893.0504032255853,,,,,,,,,,,121.0,488.244897959184,1.01057256346202,121.0,295187.465786725,1,1,2907.75886945748,1704.9217882548,1,61302000301,61302000300031
61.5,0.0,0.0,1500.0000000000982,15.00000000010914,65.31999969482422,0.0033332824707175755,-2.2226969401415274e-05,1409.999999999755,75.0000000002342,64.4800033569336,-0.001333109537768904,5.556742350239989e-05,1170.0000000001428,314.9999999998463,66.52999877929688,0.02599995930964025,0.0008666653103128223,1770.0000000004297,285.00000000044065,63.290000915527344,-0.0009999593098930898,2.222273084807394e-05,2310.0000000000105,825.0000000000214,99.5,523.888888888889,1.01057256346202,99.5,294975.682470096,1,1,2910.11525802058,1704.9217882548,1,61302000301,61302000300021
60.5,0.0,0.0,1620.0000000000107,7.881048386980865,66.88999938964844,-0.015333302815931503,-0.001766662597680288,1439.9999999999607,172.11895161306916,64.33999633789062,0.0,0.0,1140.0000000002651,472.1189516127647,,,,,,,,,,,107.5,117.222222222222,2.62314384112175,107.5,293774.448420611,1,1,2925.43178368077,918.38811949895,1,61302000291,61302000290521
60.5,0.0,0.0,900.0000000000572,3.0846774193348665,63.29999923706055,-0.0006666819254564517,-4.4445461697895057e-05,720.0000000000961,183.08467741929599,62.81999969482422,0.001666641235423601,8.888668484736843e-05,179.99999999977086,723.0846774196211,,,,,,,,,,,63.0,166.138888888889,2.62314384112175,63.0,293178.848152217,1,1,2932.89368079727,918.38811949895,1,61302000291,61302000290491
60.0,0.0,0.0,1049.9999999987147,13.24596774064662,64.58999633789062,-0.0003334045410087379,-0.0007111104329380314,929.9999999993667,106.75403225870139,63.47999954223633,0.000333277384434554,0.0001222186618371793,449.9999999998578,586.7540322582103,65.1500015258789,0.01399993896458262,-0.00023334079319895475,1229.999999999257,193.2459677411889,64.01000213623047,0.0006666819255048632,5.555046929771161e-05,1619.999999998934,583.245967740866,61.5,137.583333333333,1.45773277450025,61.5,292186.054530323,1,1,2944.67562361279,1732.044562499,1,61302000291,61302000290441
59.5,0.0,0.0,1740.0000000000387,6.85887096792203,63.41999816894531,0.002666600545328359,2.221849229735615e-05,1949.9999999999209,216.85887096780425,63.25,0.0006666819254571945,1.1113484700311199e-05,2160.0000000000964,426.8588709679798,,,,,,,,,,,108.0,28.5833333333333,1.45773277450025,108.0,291997.569521875,1,1,2947.0320121759,1732.044562499,1,61302000291,61302000290431
59.5,0.0,0.0,1589.999999999056,8.443548387852388,63.59000015258789,0.006666692098042354,0.0004000006781718757,1470.000000001114,128.44354838579443,62.83000183105469,0.0,3.333197699698882e-05,929.9999999997449,668.4435483871634,,,,,,,,,,,108.0,74.3333333333333,1.4890399892698,108.0,291422.579449851,1,1,2953.70844643803,1537.92854916282,1,61302000291,61302000290401
59.5,0.0,0.0,1350.0000000004643,8.794354838543768,62.75,0.0003332773844413899,2.221849229620018e-05,1139.999999999546,201.2056451623746,62.47999954223633,-0.0006666819254593925,-2.222273084876853e-05,869.9999999997968,471.2056451621237,,,,,,,,,,,94.0,3.10204081632653,1.4890399892698,94.0,291225.605449412,1,1,2956.45756642832,1537.92854916282,1,61302000291,61302000290391
59.0,0.0,0.0,1259.999999998211,1.1249999987035153,61.9900016784668,0.09966672261250586,0.0033222240869817277,1349.9999999988338,91.12499999932629,61.849998474121094,-0.000666681925465461,-4.444546169803409e-05,1679.999999999101,421.12499999959346,,,,,,,,,,,93.0,61.1388888888889,1.4890399892698,93.0,291011.51207229,1,1,2958.81395499142,1537.92854916282,1,61302000291,61302000290381
59.0,0.0,0.0,1649.9999999998784,14.927419354918811,63.099998474121094,0.013666661580539337,0.0005888917711154102,1529.9999999997335,134.92741935506365,61.97999954223633,-0.0016666412353602152,0.0008555560641864254,1169.9999999998115,494.92741935498566,,,,,,,,,,,113.5,267.138888888889,1.95748934524823,113.5,290403.817069334,1,1,2965.88312068074,1412.53832953865,1,61302000291,61302000290351
58.0,0.0,0.0,2009.999999997982,12.054435482582448,63.189998626708984,0.004999923706036574,-0.005433336893693232,2099.999999998227,102.05443548282733,62.02000045776367,0.0,-8.889092339321196e-05,2369.9999999985394,372.05443548313974,,,,,,,,,,,127.0,24.0,1.95748934524823,127.0,289609.374180717,1,1,2974.91594350598,1412.53832953865,1,61302000291,61302000290311
60.43000030517578,0.0,1.1109246147899403e-05,2190.0000000000014,6.7016129033481775,61.380001068115234,-0.001999918619761761,-0.00043332841661232306,1950.0000000001276,246.70161290322199,60.06999969482422,-0.014000066121365793,0.007311104668568612,1769.9999999997647,426.7016129035849,61.38999938964844,-0.01700007120768023,-0.0022000037299401407,2249.999999999743,53.298387096393526,59.900001525878906,-0.008666610717834262,1.1113484699649081e-05,2609.9999999996985,413.29838709634896,120.0,47.9591836734694,3.40258620361577,120.0,288824.517533002,1,1,2985.12696061277,636.43459347959,1,61302000291,61302000290271
57.5,0.0,0.0,1290.000000000558,3.7499999995234248,60.68000030517578,-0.00600001017251581,-0.00033333248562115135,1020.0000000013553,273.74999999872614,59.95000076293945,0.002666727701807536,0.00010000440809352464,510.0000000001397,783.7499999999417,,,,,,,,,,,101.0,33.84,2.38301897190171,101.0,287421.782540441,1,1,3001.6216805545,891.884072401433,1,61302000291,61302000290201
57.5,0.0,0.0,1379.9999999997394,5.2379032264668695,61.84000015258789,0.0006666819254554512,0.0,1740.0000000002176,354.7620967740113,61.59000015258789,-0.0003332773844422866,4.238552679644902e-09,2189.9999999998786,804.7620967736723,,,,,,,,,,,98.5,415.555555555555,2.38301897190171,98.5,287036.314984064,1,1,3006.7271891079,891.884072401433,1,61302000291,61302000290181
64.22000122070312,0.24066670735650453,0.008022223578541274,1979.9999999991269,10.66935483792713,62.36000061035156,0.0,-4.4445461697045916e-05,1259.9999999993736,709.3306451618262,61.209999084472656,0.0,7.777743869357227e-05,599.9999999995852,1369.3306451616145,,,,,,,,,,,129.0,120.4,1.21010983517466,129.0,286432.396045977,1,1,3013.40362337003,2441.26141248601,1,61302000291,61302000290151
57.0,0.0,0.0,1770.0000000009038,0.8346774201183962,62.77000045776367,0.0009999593098985466,0.0001444413926881484,1200.0000000004825,569.1653225803029,61.86000061035156,0.0006666819254508127,4.44454616973757e-05,750.0000000006551,1019.1653225801304,,,,,,,,,,,120.0,14.3333333333333,1.21010983517466,120.0,286249.842529109,1,1,3015.76001193314,2441.26141248601,1,61302000291,61302000290141
56.5,0.0,0.0,1709.999999999043,0.03629032355570416,60.880001068115234,0.0,-0.0003222232394902389,1619.9999999991578,90.03629032344088,60.52000045776367,0.0013333638508781752,8.88909233928106e-05,1050.0000000001392,660.0362903224595,,,,,,,,,,,114.0,171.836734693878,1.21010983517466,114.0,285875.897469287,1,1,3020.47278905935,2441.26141248601,1,61302000291,61302000290121
56.5,0.0,0.004933331807381853,1469.9999999993445,14.213709678155965,60.2400016784668,0.013666661580465898,0.00022221883138223274,1739.9999999988174,255.78629032131698,59.9900016784668,0.002000045776259713,0.00013333638508084404,1920.0000000016228,435.7862903241223,,,,,,,,,,,106.5,166.472222222222,1.32471369761312,106.5,285473.315566294,1,1,3025.18556618556,1995.96406968209,1,61302000291,61302000290101
56.0,0.0,0.0,1349.999999998649,4.71169354752783,59.869998931884766,0.002666600545276216,-0.00023333655464799542,1619.9999999978327,274.71169354671156,59.61000061035156,0.0,3.333197699512494e-05,1859.9999999991305,514.7116935480094,,,,,,,,,,,97.5,189.333333333333,1.55392142249003,97.5,285049.559336999,1,1,3029.50561188458,1105.36938407426,1,61302000291,61302000290081
56.0,-0.01666666666627767,-0.0005555555555296223,870.000000000634,13.596774192780572,59.4900016784668,0.0016667683919498095,-1.1105007594556617e-05,1259.9999999997992,376.4032258063846,59.29999923706055,0.000666681925467083,6.666819254687117e-05,1529.9999999997963,646.4032258063817,,,,,,,,,,,72.5,569.333333333333,1.55392142249003,72.5,284856.088573265,1,1,3031.86200044769,1105.36938407426,1,61302000291,61302000290071
55.5,0.0,0.0,1949.9999999996096,14.999999999673719,59.939998626708984,0.0016666412353820428,-0.00041110992431810567,1859.9999999994225,75.00000000051341,58.310001373291016,0.0006666819254654913,0.0001222229003913463,1559.9999999995366,375.00000000039927,58.84000015258789,-0.0013333638509309825,-0.0038000022040649488,2009.999999999479,74.9999999995432,58.09000015258789,0.0,1.1109246147970636e-05,2309.999999999585,374.99999999964894,129.0,297.138888888889,1.00081756016278,129.0,284256.73675939,1,1,3039.32389756419,402.645721254318,1,61302000291,61302000290041
55.5,0.0,0.0,1439.9999999996057,4.360887096320766,58.619998931884766,0.10399996439493159,0.0034666654797901437,1500.0000000002026,64.36088709691762,58.130001068115234,-0.0016666412353535962,-1.110924614713589e-05,1770.000000000065,334.36088709678006,,,,,,,,,,,97.5,513.666666666667,1.02270938729482,97.5,284057.520613654,1,1,3041.6802861273,954.135592187553,1,61302000291,61302000290031
55.5,0.0,0.0,2100.000000000529,14.99999999937927,60.04999923706055,0.0,-0.00013333214653836272,2010.000000000193,104.9999999997151,59.060001373291016,0.0,0.0,1499.9999999999354,614.9999999999727,58.45000076293945,0.09833335876431604,0.0032777786254661215,2190.0000000002665,75.00000000035834,58.2400016784668,0.00033340454101726244,6.666819254635578e-05,2429.999999999833,314.99999999992497,142.0,136.979591836735,1.02718967454016,142.0,283872.303692954,1,1,3044.42940611758,1065.90944711684,1,61302000291,61302000290021
55.0,0.0,0.0,1830.0000000009002,1.3185483861127523,60.06999969482422,0.006666692097871621,-0.0006666649712212786,2070.0000000006253,238.68145161361235,58.52000045776367,-0.003000005086189579,-0.00018889109293192296,2400.000000000274,568.6814516132613,62.5099983215332,0.07766660054458223,0.0013888846503253055,1680.0000000012658,151.31854838574714,56.91999816894531,-0.0010000864664574832,-4.238552115059463e-09,1020.0000000004048,811.3185483866081,127.0,68.8,1.26504954441772,127.0,283257.804001984,1,1,3051.4985718069,1828.93596347609,1,61302000281,61302000280561
55.0,0.0,0.0,1770.0000000004009,14.999999999675083,59.470001220703125,0.007333374023377528,-0.00447777642154801,1920.000000000052,134.99999999997613,57.689998626708984,-0.0003334045410188746,6.666395399333055e-05,2160.0000000001164,375.0000000000405,59.58000183105469,0.020000076293543466,0.0008444468180056402,1620.0000000006423,164.9999999994336,57.459999084472656,0.003000005086331517,-7.77774386901337e-05,990.0000000001097,794.9999999999662,120.0,32.8055555555556,1.26504954441772,120.0,283076.009102766,1,1,3053.85496037001,1828.93596347609,1,61302000281,61302000280551
54.5,0.0,0.0,1950.0000000001342,1.3185483868919619,57.75,0.002666727701818349,8.88909233937927e-05,2100.000000000491,151.31854838724894,56.66999816894531,-0.0013333638509235245,-5.5554707845874516e-05,2580.000000000091,631.3185483868488,,,,,,,,,,,127.0,17.7142857142857,1.26504954441772,127.0,282876.793657286,1,1,3056.6040803603,1828.93596347609,1,61302000281,61302000280541
53.0,0.0,0.0,2280.0000000002424,6.5383064517986895,57.65999984741211,0.0,2.2222730848629068e-05,2160.000000000321,113.46169354812264,57.2599983215332,0.0023333231607754064,0.006955557929024875,1800.000000000513,473.46169354793074,,,,,,,,,,,148.0,85.5555555555556,1.98192541629653,148.0,282094.683522306,1,1,3064.45870890398,1017.24776569302,1,61302000281,61302000280501
53.0,0.0,0.0,1709.9999999998022,7.554435483996713,59.86000061035156,0.02133331298823161,0.00038888719346620896,1470.000000000061,247.55443548373796,57.40999984741211,0.0,4.444546169614263e-05,990.000000000482,727.5544354833169,,,,,,,,,,,113.0,896.805555555556,1.98192541629653,113.0,281878.697043231,1,1,3066.81509746709,1017.24776569302,1,61302000281,61302000280491
52.5,0.0,0.0051222229003723,1350.0000000007685,9.338709676816052,57.380001068115234,0.014666748046848766,0.00046666887071110787,1259.9999999996505,99.33870967793405,56.52000045776367,-0.0016666412353403583,-5.555470784430513e-05,870.0000000010473,489.3387096765373,,,,,,,,,,,104.5,311.472222222222,1.98192541629653,104.5,281680.834017429,1,1,3069.17148603019,1017.24776569302,1,61302000281,61302000280481
52.5,0.0,0.0,1799.9999999996396,1.1008064502841535,58.119998931884766,-0.0010000864665065167,-0.00034445020888175857,1709.999999999281,88.89919355007441,56.040000915527344,0.0,-1.1113484700313374e-05,1289.9999999998827,508.8991935494728,,,,,,,,,,,121.0,41.8055555555556,1.1579834563774,121.0,281280.930271591,1,1,3074.27699458359,1493.65988386021,1,61302000281,61302000280461
52.5,0.0,0.0,1859.999999999457,12.09677419364516,57.540000915527344,-0.006000010172545596,-0.0005111143324065226,1620.0000000002499,227.903225805562,56.029998779296875,0.0,0.0,1229.999999999368,617.903225806444,,,,,,,,,,,121.0,112.816326530612,1.1579834563774,121.0,281095.120007031,1,2,3077.02611457388,1493.65988386021,1,61302000281,61302000280451
52.5,0.0,0.0,2069.999999999553,4.209677419087257,58.130001068115234,0.009333419799708058,0.00012222713894287915,2280.000000000121,214.20967741965524,56.47999954223633,-0.000666681925451798,-2.2222730848262228e-05,2639.999999999807,574.2096774193415,57.43000030517578,0.0023333231606802282,-5.555470784975568e-05,1710.0000000013908,355.7903225790749,56.029998779296875,0.0,1.1113484700513843e-05,1379.999999999328,685.7903225811376,133.0,67.4722222222222,1.1579834563774,133.0,280879.838383548,1,1,3079.38250313698,1493.65988386021,1,61302000281,61302000280441
52.0,0.0,0.00608888838020384,1350.000000000782,5.443548386343309,57.099998474121094,0.0,-0.0056666649712104845,1440.0000000002183,84.55645161309303,56.11000061035156,-0.0006666819254655115,-4.4445461697715926e-05,2099.999999999874,744.5564516127488,58.02000045776367,0.0,-0.00011111365424154948,1200.0000000007296,155.4435483863956,56.06999969482422,0.0003332773844331452,2.2218492295391287e-05,750.0000000006755,605.4435483864497,84.0,258.16,1.1579834563774,84.0,280674.601674782,1,1,3081.3461602729,1493.65988386021,1,61302000281,61302000280431
52.0,0.0,0.0,1319.9999999992285,8.854838709183696,56.56999969482422,0.15233332316176557,0.005077777438757461,1409.99999999951,98.85483870946518,55.70000076293945,-0.00033327738443906347,-2.221849229595028e-05,2069.9999999995484,758.8548387095036,58.060001373291016,0.00433336893719297,-0.00012222290039166808,1049.999999999483,261.1451612905619,56.029998779296875,0.0,2.2222730848549653e-05,629.9999999998229,681.145161290222,80.0,127.061224489796,1.09549314486033,80.0,280500.631055401,1,1,3084.09528026319,2411.9966961555,1,61302000281,61302000280421
52.0,0.0,0.0,1499.9999999993943,5.473790322295372,57.9900016784668,-0.003999964396200357,-0.001388888888891589,1349.9999999995855,144.5262096775134,55.810001373291016,-0.003000005086231734,-0.0001444456312361648,1139.99999999958,354.52620967751886,59.310001373291016,0.24366671244873303,0.008122223748481074,1589.9999999992015,95.47379032210256,55.849998474121094,-0.0010000864664914937,1.1105007594603245e-05,2009.9999999994268,515.4737903223279,96.0,361.6,1.04862541122252,96.0,280285.348499068,1,1,3086.05893739911,3100.74930537696,1,61302000281,61302000280411
52.0,0.0,0.0,1320.000000000062,2.1774193544322316,56.93000030517578,0.002000045776453061,-0.0004111099243304944,1049.9999999995757,267.8225806460541,55.38999938964844,-0.001333363850864093,1.1109246148842628e-05,780.0000000015849,537.8225806440449,,,,,,,,,,,105.0,263.04,1.04862541122252,105.0,279915.659396222,1,1,3089.98625167095,3100.74930537696,1,61302000281,61302000280391
52.0,0.0,0.0,1320.0000000000205,3.4778225806080627,56.56999969482422,-0.034999974568261,-0.001966662936712519,1680.0000000009215,363.47782258150914,55.18000030517578,0.0006666819254663098,0.00010000016954105178,2280.0000000001287,963.4778225807163,,,,,,,,,,,105.0,977.472222222222,1.04862541122252,105.0,279505.644956898,1,2,3094.69902879716,3100.74930537696,1,61302000281,61302000280371
52.0,0.0,0.0,2519.999999999735,11.88508064515645,55.470001220703125,0.0,-0.003855556911848178,2700.0000000005966,191.8850806460182,54.689998626708984,0.0,-4.444122314763611e-05,3359.9999999990487,851.8850806444702,,,,,,,,,,,171.0,603.472222222222,1.04862541122252,171.0,279298.605421893,1,1,3097.05541736027,3100.74930537696,1,61302000281,61302000280361
52.0,0.0,0.0,2489.999999999668,9.653225806996488,54.91999816894531,0.0,0.0,2609.999999999319,129.65322580664724,54.560001373291016,0.0003334045410280119,1.1113484701346629e-05,3119.999999997932,639.6532258052603,,,,,,,,,,,157.0,862.888888888889,1.04862541122252,157.0,279088.516053359,1,1,3099.41180592338,3100.74930537696,1,61302000281,61302000280351
55.02000045776367,0.0,-7.77774386958901e-05,1980.0000000001687,12.520161290378837,54.54999923706055,0.1016666412347151,0.003388888041135954,2130.000000001478,137.47983871093038,53.61000061035156,-0.0009999593098701108,-3.333197699481294e-05,2730.000000000803,737.4798387102555,,,,,,,,,,,139.5,180.805555555556,1.06062483299748,139.5,278514.047363626,1,1,3106.48097161269,1794.24834831855,1,61302000281,61302000280321
54.72999954223633,-0.0030000050862240943,-0.003788888719303961,1829.9999999995384,14.570564516149489,54.72999954223633,0.0,0.0,2130.0000000006266,285.4294354849387,53.2599983215332,0.0,0.0,2789.999999999382,945.4294354836941,,,,,,,,,,,133.5,151.75,1.06062483299748,133.5,278320.940330755,1,2,3109.62282303017,1794.24834831855,1,61302000281,61302000280311
51.5,0.0,0.0,1649.9999999994516,7.74798386993416,54.77000045776367,-0.02100003560370013,-0.005033336215587036,1769.999999999307,127.74798386978955,53.310001373291016,-0.0006666819254518081,1.110924614806126e-05,2429.99999999935,787.7479838698328,,,,,,,,,,,109.0,294.888888888889,1.06062483299748,109.0,278098.641848292,1,1,3111.97921159327,1794.24834831855,1,61302000281,61302000280301
51.5,0.0,0.0,2219.999999999191,14.999999999212378,55.61000061035156,0.0,-0.00026666853162228,2099.9999999998713,105.00000000010732,55.15999984741211,-0.0016666412353977945,-2.6063497425826195e-16,1829.9999999988856,375.000000001093,,,,,,,,,,,148.0,363.76,1.06372718175806,148.0,277332.25073836,1,1,3120.61930299132,2494.67091469445,1,61302000281,61302000280261
51.5,0.0,0.0,1650.0000000005275,14.491935483526504,54.41999816894531,-0.003666687011844223,-0.003488888210868145,1769.9999999998506,105.5080645157966,54.099998474121094,0.00033327738443347105,-1.1113484700646058e-05,2040.0000000007633,375.5080645167093,,,,,,,,,,,114.0,1744.55555555556,1.06372718175806,114.0,277128.133571282,1,1,3122.97569155443,2494.67091469445,1,61302000281,61302000280251
51.0,0.0,0.0,2340.00000000081,7.711693548612402,55.04999923706055,-0.020666631062938142,-0.0008111063639408705,1979.9999999997654,352.28830645243215,54.220001220703125,-0.00033327738445222113,2.222273084797267e-05,1320.0000000010907,1012.2883064511068,,,,,,,,,,,165.0,142.816326530612,1.06372718175806,165.0,276935.785567151,1,2,3125.72481154472,2494.67091469445,1,61302000281,61302000280241
51.0,0.0,0.0,2460.000000001198,5.564516127506067,54.83000183105469,0.0006666819254548298,0.0001333321465413197,2009.9999999994125,455.5645161292914,53.84000015258789,-0.0003332773844494123,5.55589463946357e-05,1500.0000000002353,965.5645161284685,,,,,,,,,,,172.5,227.138888888889,1.06372718175806,172.5,276714.759156496,1,2,3128.08120010782,2494.67091469445,1,61302000281,61302000280231
50.5,-0.01666666666618413,-0.0005555555555233864,2100.000000000727,14.99999999952206,54.45000076293945,-0.001333363850996579,1.110924614257761e-05,1619.9999999997892,495.00000000046,53.54999923706055,0.0,0.0,1139.9999999997403,975.0000000005089,,,,,,,,,,,142.0,317.387755102041,1.0254447059968,142.0,276529.477531974,1,2,3130.83032009811,1379.42876137297,1,61302000281,61302000280221
50.5,0.0,0.0,2160.0000000006353,13.54233870894086,54.150001525878906,0.0006666819254810946,-0.004011111789211487,2250.0000000000878,76.45766129051162,53.36000061035156,0.0009999593099007898,2.2218492296227204e-05,2580.000000000757,406.457661291181,54.439998626708984,-0.003333409627310075,-8.889092339589757e-05,1680.0000000000866,493.5423387094895,53.38999938964844,-0.00033340454100736703,-3.3336215548054504e-05,1230.0000000003145,943.5423387092617,143.5,409.333333333333,1.01013171569229,143.5,276314.790030637,1,1,3133.18670866122,933.331900044378,1,61302000281,61302000280211
50.5,0.0,0.0,1830.000000001208,5.413306452831648,54.189998626708984,0.003000005086305449,0.00010000016954492923,1680.0000000002062,144.58669354817016,53.36000061035156,0.0009999593098769582,4.44412231435122e-05,870.0000000006946,954.5866935476818,55.18000030517578,0.015999984742277956,-0.004133334689707411,1949.9999999998145,125.41330645143807,53.02000045776367,-0.0020000457763395684,-4.444970024848822e-05,2850.0000000009736,1025.4133064525972,119.0,148.222222222222,1.6216545923061,119.0,276119.966108896,1,1,3135.54309722432,824.062409008952,1,61302000281,61302000280201
50.0,0.0,0.0,2219.9999999996635,10.451612901926637,54.20000076293945,-0.003000005086182826,-0.0001222229003852999,1860.0000000006346,349.54838709710225,53.790000915527344,-0.006666692098186105,0.00013333214652692487,1439.999999999958,769.5483870977789,53.97999954223633,0.008666610717790384,-0.0038444476659147122,2310.000000000259,100.45161290252236,52.68000030517578,-0.0006666819254771533,-6.666819254851638e-05,3209.9999999997744,1000.4516129020376,128.0,68.4722222222222,2.84470034553373,128.0,275921.509582928,1,1,3137.89948578743,605.523426938101,1,61302000281,61302000280191
50.0,0.0,0.0,1740.0000000009106,13.971774192923249,54.290000915527344,-0.0036666870116692555,-0.0003333367241728956,1200.0000000002249,553.971774193609,52.59000015258789,-0.0006666819254462833,0.00033889558579770123,30.000000000425054,1723.971774193409,54.0,0.0030000050863155897,-0.004244444105376428,2160.0000000009472,406.02822580711336,53.31999969482422,-0.0006666819254673003,-2.222273084929571e-05,2489.999999999768,736.0282258059342,94.0,205.222222222222,2.84470034553373,94.0,275717.903107019,1,1,3140.25587435053,605.523426938101,1,61302000281,61302000280181
50.5,0.0,0.0,2429.9999999993634,7.2580645168236515,53.939998626708984,0.003000005086273025,6.666819254688609e-05,2279.999999999715,157.25806451647213,52.560001373291016,-0.0016666412353313013,4.4445461696812284e-05,1379.9999999999031,1057.2580645162839,54.709999084472656,-0.01666666666683947,-0.0011222203572616328,2639.999999999562,202.74193548337507,53.810001373291016,0.001000086466473628,2.2226969401330334e-05,3029.999999999804,592.741935483617,138.0,644.0,2.84470034553373,138.0,275533.809728207,1,1,3142.61226291364,605.523426938101,1,61302000281,61302000280171
50.0,0.0,0.0,1140.0000000002303,2.9516129043211095,53.97999954223633,0.003333282470659091,0.00015555063882939424,960.0000000000696,177.04838709583964,52.650001525878906,-0.00033327738443672257,-3.33319769957833e-05,240.00000000000583,897.0483870959034,,,,,,,,,,,84.5,136.916666666667,2.01223850633051,84.5,275124.218323373,1,1,3147.71777146704,2139.85368809466,1,61302000281,61302000280151
50.0,0.0,0.0,840.0000000000402,9.163306451767312,54.540000915527344,0.011666742960484075,0.00015555911593890758,1020.000000000341,189.163306452068,52.880001068115234,-0.0009999593098986375,0.00012222290039024,1230.0000000000516,399.1633064517787,,,,,,,,,,,83.0,312.555555555556,1.84574613848986,83.0,274735.029590806,1,1,3152.03781716606,2446.71974032597,1,61302000281,61302000280131
50.0,0.0,0.0,869.9999999991657,0.09677419392608044,54.41999816894531,0.0016666412353813543,-0.00014444563124472792,1019.9999999981217,149.90322580502993,53.040000915527344,0.0020000457763669904,0.000277777777786624,1229.9999999987833,359.9032258056916,,,,,,,,,,,82.0,850.222222222222,1.84574613848986,82.0,274544.232841408,1,1,3154.39420572917,2446.71974032597,1,61302000281,61302000280121
50.0,0.0,0.0,1200.000000000167,7.584677419132731,53.7400016784668,0.0010000864664467806,6.667243109481379e-05,1470.00000000017,262.41532258087045,52.79999923706055,-0.0006666819254808167,-2.2222730850196804e-05,1769.9999999990357,562.4153225797361,,,,,,,,,,,92.0,33.6326530612245,1.84574613848986,92.0,274153.330195439,1,1,3159.49971428256,2446.71974032597,1,61302000281,61302000280101
50.0,0.0,0.0,1680.000000001168,7.9233870977379866,53.709999084472656,-0.00033340454101602173,-3.333621554907125e-05,1830.00000000015,157.92338709672003,52.349998474121094,0.0,2.2222730848524307e-05,2310.0000000006103,637.9233870971802,,,,,,,,,,,114.0,163.222222222222,1.84574613848986,114.0,273941.547827563,1,1,3161.85610284567,2446.71974032597,1,61302000281,61302000280091
49.5,0.0,0.0,1410.0000000001905,12.508064516110608,53.099998474121094,0.0,-0.003999998304778021,1499.9999999989857,102.50806451490575,52.13999938964844,0.0,1.1113484700351616e-05,2070.00000000021,672.5080645161302,55.0,0.009999974568057726,-0.0007000011867645188,1260.000000001176,137.49193548290395,53.29999923706055,0.0030000050862461097,0.0005111143324041777,420.0000000004973,977.4919354835827,94.0,48.0,1.84574613848986,94.0,273759.171336696,1,1,3164.60522283596,2446.71974032597,1,61302000281,61302000280081
49.5,0.0,0.004277776082154946,1410.0000000009818,1.9354838721997112,52.88999938964844,0.0,-0.003766665988499977,1500.000000000247,91.93548387146484,52.52000045776367,0.0,1.1109246148873241e-05,1769.9999999992156,361.9354838704335,53.349998474121094,0.0,-0.00021110958523597932,1349.9999999995664,58.06451612921569,53.08000183105469,-0.011666615803483374,-0.00011110941566456266,1140.000000001043,268.0645161277391,96.0,116.8,1.84574613848986,96.0,273536.428038487,1,1,3166.56887997188,2446.71974032597,1,61302000281,61302000280071
49.5,-0.15200004577199985,-0.005500005085975123,1560.0000000003604,12.943548387773035,52.95000076293945,0.0020000457764503625,6.666819255111792e-05,1679.9999999995525,132.94354838696518,52.459999084472656,0.0,6.666819254668859e-05,2039.999999999836,492.9435483872487,,,,,,,,,,,105.0,648.64,1.84574613848986,105.0,273357.307878215,1,1,3168.5325371078,2446.71974032597,1,61302000281,61302000280061
49.5,0.0,0.0,2040.0000000001648,2.4556451613775607,53.869998931884766,0.014666620890360728,0.00018888685437796855,1949.999999999627,92.4556451619153,51.869998931884766,-0.010666656494119525,-0.0003555552164699475,1470.000000000831,572.4556451607114,53.22999954223633,0.01366666158076473,0.00042222340903984285,2219.999999999783,177.54435483824068,52.310001373291016,-0.0023333231608641653,-1.1113484704165883e-05,2490.0,447.5443548384576,138.0,234.96,1.1390989571534,138.0,272547.110755573,1,1,3177.17262850585,1130.76867535061,1,61302000281,61302000280021
49.0,0.0,0.0,2009.999999999777,3.653225806200453,53.08000183105469,0.005000050862646921,0.0002000003390853206,1890.0000000000543,116.34677419352215,51.439998626708984,0.0013332366943574606,4.4441223145966125e-05,1559.9999999999732,446.3467741936033,,,,,,,,,,,132.0,594.222222222222,3.40858650846008,132.0,271543.382060177,1,2,3189.74003417575,1487.11910234778,1,61302000271,61302000270541
49.0,0.0,0.005566664801738956,1919.9999999995464,11.915322580792463,53.86000061035156,0.006000010172600803,7.77774386970014e-05,1829.9999999995132,101.91532258082566,51.2599983215332,0.0,4.444546169640824e-05,1439.999999999739,491.9153225805999,,,,,,,,,,,127.0,33.1020408163265,3.40858650846008,127.0,271360.410614263,1,1,3192.48915416604,1487.11910234778,1,61302000271,61302000270531
49.0,0.0,0.005344445970307756,1290.0000000001405,13.276209677291263,53.75,-0.0036666870117063,-0.00033333672417550124,1200.0000000001837,103.27620967724806,51.2599983215332,-0.0006666819254473541,1.1113484701193502e-05,840.0000000002724,463.2762096771594,,,,,,,,,,,86.0,587.222222222222,3.40858650846008,86.0,271148.627252913,1,1,3194.84554272914,1487.11910234778,1,61302000271,61302000270521
49.0,0.0,0.0,1889.9999999996776,3.000000000344471,53.33000183105469,-0.0019999186197926975,-0.0003555509779211388,1799.9999999997503,93.00000000027171,51.54999923706055,-0.0003334045410227913,2.2218492295816173e-05,1409.9999999994275,483.0000000005946,,,,,,,,,,,125.0,1401.10204081633,3.40858650846008,125.0,270966.249924279,1,2,3197.59466271943,1487.11910234778,1,61302000271,61302000270511
49.0,0.0,0.0,2189.9999999994757,6.169354838446907,53.40999984741211,0.009000015258839061,0.0005111143324147016,2039.999999999674,143.83064516135482,51.529998779296875,0.0,0.0,1559.9999999995814,623.8306451614474,,,,,,,,,,,141.0,254.24,3.40858650846007,141.0,270752.749701805,1,2,3199.55831985535,1487.11910234778,1,61302000271,61302000270501
49.0,0.0,0.0,1019.9999999998147,14.999999999998408,52.849998474121094,0.0069999694823662485,0.0002555550469255138,839.9999999994471,165.00000000036914,51.279998779296875,0.0006666819254568711,4.444546169632277e-05,420.0000000001231,584.9999999996932,,,,,,,,,,,67.0,954.138888888889,3.40858650846008,67.0,270566.94682852,1,1,3201.91470841846,1487.11910234778,1,61302000271,61302000270491
49.0,0.0,0.0,1230.0000000017276,13.463709678867872,52.619998931884766,0.0033332824707005735,4.4441223146488406e-05,1380.0000000008629,163.46370967800317,51.790000915527344,0.001000086466439307,6.667243109484513e-05,1650.0000000010552,433.4637096781955,52.81999969482422,0.007333374023428607,0.00027778201633069436,1019.9999999997173,196.53629032314245,51.5,0.0003332773844400006,7.777320013889493e-05,660.000000001347,556.5362903215128,79.0,76.1388888888889,3.40858650846008,79.0,270358.210613954,1,1,3204.27109698156,1487.11910234778,1,61302000271,61302000270481
49.0,0.0,0.004655554029455588,1770.0000000019866,7.215725807948047,51.33000183105469,0.0013333638508508643,-3.33319769971631e-05,1950.0000000016298,187.2157258075913,51.290000915527344,0.0006666819254605496,5.555470784567003e-05,2220.000000000305,457.2157258062666,,,,,,,,,,,117.0,66.5833333333333,3.40858650846008,117.0,270174.117235893,1,1,3206.62748554467,1487.11910234778,1,61302000271,61302000270471
49.0,0.0,0.0,1800.0000000002578,1.4032258060101412,52.5,0.005333328247135998,0.00012222290039536616,1709.9999999994552,91.40322580681277,51.31999969482422,0.0003332773844541156,7.777320014193603e-05,1289.9999999991487,511.40322580711927,,,,,,,,,,,118.5,1068.0,3.40858650846008,118.5,269961.92775067,1,1,3208.98387410777,1487.11910234778,1,61302000271,61302000270461
49.0,0.0,0.0,1049.9999999997992,9.31451612907199,50.880001068115234,-0.00033327738443931354,-0.00211110856797533,1200.000000000245,140.6854838713739,50.5099983215332,-0.00033340454101856635,3.333197699686157e-05,1589.9999999996783,530.685483870807,,,,,,,,,,,71.0,53.5555555555556,3.40858650846008,71.0,269754.610363285,1,1,3211.34026267088,1487.11910234778,1,61302000271,61302000270451
49.0,0.0,0.00427777608233547,1409.9999999998483,2.6189516128531523,50.68000030517578,0.000333404541011261,-0.0018444400363374744,1499.9999999999807,92.61895161298548,50.16999816894531,-0.000333404541017035,1.1109246147975495e-05,2039.9999999999552,632.61895161296,,,,,,,,,,,92.0,354.857142857143,3.40858650846008,92.0,269567.611078187,1,1,3214.08938266117,1487.11910234778,1,61302000271,61302000270441
49.0,0.0,0.0030777782863822926,1619.9999999997788,2.0668267097789794e-10,51.279998779296875,0.009666570027519299,0.0002999962700640283,1799.9999999999595,179.99999999997408,49.84000015258789,-0.0016666412353637142,-5.5554707845862196e-05,2519.999999999774,899.9999999997885,51.77000045776367,0.002333323160835852,0.00010000016954426984,1559.9999999995664,60.00000000041905,51.25,-0.0003332773844425341,4.444970024964442e-05,1229.9999999997049,390.0000000002806,108.0,98.1388888888889,3.40858650846008,108.0,269356.421832912,1,1,3216.44577122427,1487.11910234778,1,61302000271,61302000270431
49.0,0.0,0.0035444429186214823,989.9999999993287,1.6270161297563845,52.11000061035156,0.018666712442172186,0.0006555599635921318,900.000000000124,91.62701612896103,51.290000915527344,-0.0026666005453058143,-2.2218492299505364e-05,599.9999999990582,391.62701613002685,52.08000183105469,0.0003334045410182555,-0.0033999972874255674,1079.999999999104,88.37298387001886,50.970001220703125,-0.001999918619814464,-7.777320014249665e-05,1259.9999999993897,268.37298387030467,67.0,309.061224489796,3.07583664562146,67.0,269169.4225469,1,1,3219.19489121456,1408.22127602257,1,61302000271,61302000270421
48.5,0.0,0.0,1770.0000000003838,6.8467741937420215,50.91999816894531,0.08066660563146334,0.002688886854380542,1860.0000000006485,96.84677419400668,50.45000076293945,-0.0023333231608111114,-3.333197699616531e-05,2280.0000000003206,516.8467741936788,,,,,,,,,,,116.0,598.96,1.07933746858974,339.0,268946.995568409,2,2,3221.15854835048,934.834318071274,1,61302000271,61302000270411
48.5,0.0,0.0,1769.999999999698,4.935483870708822,51.04999923706055,0.08499997456972146,0.0028333324856919338,1859.9999999994618,94.93548387047258,50.560001373291016,0.0013333638509070522,8.889092339333727e-05,2369.9999999998017,604.9354838708125,,,,,,,,,,,122.0,555.632653061224,1.07933746858974,122.0,268771.230795632,1,1,3223.90766834077,934.834318071274,1,61302000271,61302000270401
48.5,0.0,0.0,1199.999999999938,10.57862903200612,50.72999954223633,0.0009999593098877846,-3.333621554902136e-05,1440.0000000004698,250.57862903253795,50.02000045776367,0.00233332316081624,8.888668484243256e-05,2189.9999999999477,1000.5786290320159,,,,,,,,,,,92.0,143.061224489796,1.00529527884239,92.0,268373.636367683,1,1,3229.01317689417,661.119361392231,1,61302000271,61302000270381
48.5,0.0,0.0,1290.000000000363,13.941532257979361,52.0,-0.027666727701343565,-0.0014888932969754594,1440.000000000656,163.94153225827245,50.0,-0.0036666870116955175,-0.00012222290038907616,2190.0000000004748,913.9415322580912,,,,,,,,,,,87.0,70.56,1.53952092781221,87.0,267751.382092263,1,1,3236.08234258348,1439.78216065592,1,61302000271,61302000270351
48.5,0.0,0.0,1019.9999999991312,10.191532258312236,51.029998779296875,0.0,-0.00027777777778212315,689.9999999996388,340.1915322578046,49.459999084472656,-0.004000091552510494,-0.0001333363850762204,60.00000000051828,970.1915322569251,51.75,0.008666610717570142,0.0001555506388150442,1379.9999999993267,349.8084677418833,50.349998474121094,-0.0013333638509619567,-2.2222730850875406e-05,1829.9999999988556,799.8084677414122,75.0,398.244897959184,1.53952092781221,75.0,267575.694754815,1,1,3238.83146257377,1439.78216065592,1,61302000271,61302000270341
48.5,0.0,0.0,1290.000000000421,12.562500000513865,51.529998779296875,0.017333348592799287,0.0004555596246079785,840.0000000003872,437.43749999952,48.91999816894531,-0.004000091552559896,-0.0001333363850795139,180.00000000108545,1097.4374999988217,51.15999984741211,0.0016666412353744259,-6.666819254728533e-05,1680.0000000005748,402.56250000066757,50.459999084472656,0.0016666412354245737,0.00010000016954827174,2069.9999999997117,792.5624999998045,94.0,166.583333333333,1.53952092781221,94.0,267356.615619192,1,1,3241.18785113688,1439.78216065592,1,61302000271,61302000270331
48.5,0.0,0.0,2009.9999999999886,10.264112903148998,50.970001220703125,0.005000050862418407,8.889092338418137e-05,1740.0000000012838,280.2641129018539,49.52000045776367,0.00033340454100314455,-2.221849229610055e-05,1079.9999999999325,940.2641129032052,51.349998474121094,-0.006000010172625086,-0.0007666651407811096,2309.999999999853,289.7358870967155,50.25,-0.0006666819254667343,3.333197699762822e-05,2639.9999999992224,619.7358870960848,139.5,447.555555555555,1.55810364709545,139.5,267167.90022007,1,2,3243.54423969999,1754.17442201866,1,61302000271,61302000270321
48.5,0.0,0.0,1619.9999999986526,0.7258064527190982,50.81999969482422,0.0036666870117453452,-0.002333331637959984,1769.9999999988072,149.27419354743552,50.08000183105469,-0.0003332773844443983,2.2222730847078476e-05,2279.9999999998768,659.2741935485051,50.849998474121094,0.0006665547688491846,2.2218492293938697e-05,1350.0000000001105,270.7258064512612,48.970001220703125,0.0016667683919485462,0.00011111789279800061,869.9999999985876,750.7258064527841,110.5,249.138888888889,1.6510172435117,339.0,266974.793187226,2,2,3245.90062826309,3326.1357288324,1,61302000271,61302000270311
48.5,0.0,0.0,1859.999999999633,2.467741935513004,50.599998474121094,0.005333328247025525,0.0002333365546290905,2010.0000000003813,147.53225806523528,50.040000915527344,0.0,0.0,2309.9999999995425,447.5322580643965,50.220001220703125,0.007333374023344625,0.00022222306992633882,1710.0000000004839,152.46774193466217,48.83000183105469,-0.0006665547688952175,4.4449700246947925e-05,959.9999999997169,902.4677419354291,123.0,124.489795918367,1.6510172435117,123.0,266783.403042176,1,1,3248.64974825338,3326.1357288324,1,61302000271,61302000270301
48.0,0.0,0.0,2280.0000000011178,4.69299266114831e-10,48.0,-0.07633336385259616,-0.0026444456313530437,2219.9999999997626,60.00000000088585,49.15999984741211,0.0016666412353931713,0.00013333214654743343,1409.9999999996435,870.000000001005,,,,,,,,,,,152.0,32.5833333333333,1.6510172435117,152.0,266564.687643261,1,1,3251.00613681649,3326.1357288324,1,61302000271,61302000270291
48.0,0.0,0.001922221713554982,2250.000000000902,14.999999998983185,50.0,0.005666605631193547,0.00018888685436255592,2130.0000000014606,134.99999999842476,48.84000015258789,0.0003332773844720423,3.332773844566626e-05,1350.000000000381,914.9999999995043,,,,,,,,,,,152.0,0.530612244897959,1.6510172435117,152.0,266375.972244261,1,1,3253.75525680677,3326.1357288324,1,61302000271,61302000270281
48.0,0.0,0.0016555574204864159,1920.0000000005775,6.417338709116848,50.619998931884766,0.0003332773844358959,0.000177773369679312,2130.00000000144,203.5826612917458,48.9900016784668,-0.0003332773844371791,-1.1109246147808468e-05,2730.0000000005894,803.582661290895,49.61000061035156,0.00033340454103130703,4.238553180652862e-09,1469.9999999998022,456.4173387098922,48.790000915527344,0.0,2.2222730848647174e-05,1050.0000000001558,876.4173387095386,129.0,105.84,1.6510172435117,129.0,266156.298985871,1,1,3255.7189139427,3326.1357288324,1,61302000271,61302000270271
48.0,0.0,0.0,2069.9999999994857,5.885080644790378,50.15999984741211,-0.001666641235398704,-0.0025111092461102768,2159.9999999994584,95.8850806447631,48.470001220703125,-0.001666641235360733,-5.5554707845663455e-05,2819.9999999992124,755.8850806445171,48.0,-0.06299997965650404,-0.0024333318075622765,2009.9999999989861,54.11491935570916,48.970001220703125,-0.001333236694348043,8.889516194662309e-05,1259.9999999991533,804.114919355542,138.0,177.805555555556,1.6510172435117,138.0,265780.524170363,1,1,3260.43169106891,3326.1357288324,1,61302000271,61302000270251
48.0,0.0,0.0015333345201399733,2010.0000000001635,6.018145161255461,49.27000045776367,0.0,-7.777743869302109e-05,2220.00000000042,203.98185483900124,48.369998931884766,0.00033327738443952827,2.221849229605679e-05,2700.000000000252,683.981854838833,49.529998779296875,-0.0006666819254494384,-5.55547078443836e-05,1560.0000000006194,456.0181451607996,49.0099983215332,-0.00033340454101761876,3.333197699674081e-05,1260.0000000001928,756.0181451612261,136.0,108.122448979592,1.6510172435117,136.0,265578.633280121,1,1,3263.1808110592,3326.1357288324,1,61302000271,61302000270241
48.0,0.0,0.0,1920.0000000002271,6.417338709588648,50.029998779296875,0.0030000050862801194,0.0006000010172575184,2159.9999999997317,233.5826612899159,48.61000061035156,0.0009999593098938325,5.5550469292235296e-05,2550.0000000001733,623.5826612903575,49.4900016784668,0.0,2.221849229576378e-05,1500.0000000000725,426.41733870974326,49.0099983215332,-0.000333404541011165,3.333197699668094e-05,1170.0000000001912,756.4173387096246,129.0,272.805555555556,1.6510172435117,129.0,265362.822063266,1,1,3265.5371996223,3326.1357288324,1,61302000271,61302000270231
48.0,0.0,0.0,1950.0000000000477,4.064516128980813,49.43000030517578,0.0006666819254772847,1.1113484701533845e-05,1559.9999999991512,394.06451612987735,48.84000015258789,0.00033327738443577975,3.3327738443730705e-05,1199.9999999998984,754.0645161291302,,,,,,,,,,,129.0,191.061224489796,1.6510172435117,129.0,265181.038835601,1,2,3268.28631961259,3326.1357288324,1,61302000271,61302000270221
48.0,0.0,0.0,2430.000000000214,4.288306451948301,49.58000183105469,-0.0016666412353390572,-0.0002777777777728076,2280.000000000094,145.71169354817175,48.790000915527344,-0.000999959309899168,-3.333197699675009e-05,1709.999999999715,715.7116935485508,,,,,,,,,,,161.0,349.714285714286,1.6510172435117,161.0,264971.627250287,1,2,3271.03543960288,3326.1357288324,1,61302000271,61302000270211
48.0,0.0,0.0,1950.000000000045,8.649193548387757,50.869998931884766,-0.014000066121738975,-0.0006222237481192258,1739.9999999995025,218.64919354893027,49.310001373291016,-0.001666641235334333,8.889092339755911e-05,1199.99999999974,758.6491935486927,52.41999816894531,-0.0036666870117416494,-0.0005666648017090739,2159.999999999517,201.35080645108428,48.02000045776367,0.0003334045410177072,6.667243109951004e-05,3659.999999999524,1701.350806451091,130.5,181.222222222222,1.6510172435117,130.5,264769.572874205,1,1,3273.39182816599,3326.1357288324,1,61302000271,61302000270201
48.0,0.0,0.0,1619.9999999993695,14.37096774225688,52.709999084472656,0.15699996948704592,0.005233332316388999,1709.9999999991144,75.629032257488,50.65999984741211,0.011666615804019481,0.00045555114746005177,2009.999999999862,375.6290322582356,,,,,,,,,,,108.0,97.2,1.6510172435117,108.0,264567.681981355,1,1,3275.35548530191,3326.1357288324,1,61302000271,61302000270191
48.0,0.0,0.0,1979.9999999994782,6.1693548376636045,48.849998474121094,0.0,-5.555470784402597e-05,1830.0000000005236,143.83064516129093,48.20000076293945,0.0,0.00010000016954181798,1470.0000000016305,503.8306451601841,,,,,,,,,,,127.0,535.44,1.01785863644905,127.0,264167.014708701,1,1,3279.67553100093,844.47508248423,1,61302000271,61302000270171
47.5,0.0,0.0,1259.9999999997797,3.8407258065292353,48.779998779296875,0.0,1.1113484700391455e-05,1049.9999999995716,213.84072580673728,48.59000015258789,0.0,6.666819254622044e-05,839.9999999995957,423.8407258067132,,,,,,,,,,,79.5,1102.25,1.08901647619649,79.5,263978.353551311,1,1,3282.03191956404,983.343270543129,1,61302000271,61302000270161
47.5,0.0,0.0,2339.999999999998,4.294354837803894,49.849998474121094,0.02266667683838459,0.0007444466484387521,2010.0000000020543,325.70564516013997,48.20000076293945,-0.0003332773844538125,7.778167724534358e-05,1320.0000000006014,1015.7056451615929,,,,,,,,,,,146.0,95.8055555555555,1.44480567493368,146.0,263184.791888529,1,1,3291.45747381646,1677.68421083763,1,61302000271,61302000270121
47.5,0.0,0.0,2099.9999999996344,0.4233870966354516,49.349998474121094,-0.0010000864664399436,-3.33362155469511e-05,1710.0000000001933,389.57661290280566,48.34000015258789,0.0003332773844306041,3.3327738444007556e-05,1079.9999999991305,1019.5766129038684,,,,,,,,,,,127.0,205.2,1.44480567493368,127.0,262983.660612272,1,1,3293.42113095238,1677.68421083763,1,61302000271,61302000270111
47.5,0.0,0.0,1499.9999999994343,4.354838709131855,49.720001220703125,0.002333323160809007,-6.666819254419849e-05,1169.9999999998715,325.6451612904309,48.45000076293945,0.0020000457764110715,0.00012222290039274608,569.9999999995622,925.6451612907402,50.119998931884766,0.016666666666973494,-0.004577776591001796,2039.9999999997603,544.3548387094579,48.88999938964844,0.0,0.00022222306993520492,2399.9999999997535,904.3548387094511,89.0,161.472222222222,1.44480567493368,89.0,262775.535699958,1,1,3295.77751951549,1677.68421083763,1,61302000271,61302000270101
47.0,0.0,0.0,1980.0000000000446,12.108870967798566,49.2400016784668,-0.003000005086225618,0.00022221883137887017,1470.0000000003033,522.1088709675398,48.20000076293945,0.0,1.110924614814522e-05,1080.0000000002617,912.1088709675814,,,,,,,,,,,121.5,158.222222222222,2.92601625414704,121.5,262582.428658214,1,1,3298.13390807859,1216.58042598265,1,61302000271,61302000270091
45.5,-0.016666666666295796,-0.0005555555555308309,1500.0000000002144,11.564516128785954,51.22999954223633,-0.0076666514080465775,-0.0005111100938740582,1079.9999999994718,431.56451612952856,50.790000915527344,0.0,6.666395399255358e-05,390.00000000027467,1121.5645161287257,,,,,,,,,,,105.0,28.8888888888889,2.92601625414704,339.0,261768.973171093,2,2,3307.9521937582,1216.58042598265,1,61302000271,61302000270051
45.5,0.0,0.005177777608192274,1500.000000000376,6.653225806154978,50.7599983215332,-0.0023334503173471762,-2.2226969398984235e-05,1260.0000000005314,246.65322580599968,50.2400016784668,-0.011666615803827295,8.889092340615304e-05,600.0000000003615,906.6532258061695,,,,,,,,,,,100.0,165.333333333333,2.92601625414704,100.0,261574.907579459,1,1,3310.3085823213,1216.58042598265,1,61302000271,61302000270041
45.0,0.0,0.005722223917473698,1230.0000000001214,4.221774193639476,50.13999938964844,0.00033327738445108196,-0.0004777823554176924,1139.9999999992522,85.77822580722977,49.34000015258789,-0.010999933878661931,-0.0005444420708646265,839.9999999993684,385.7782258071136,,,,,,,,,,,82.0,207.333333333333,2.92601625414704,82.0,261392.530229522,1,1,3312.66497088441,1216.58042598265,1,61302000271,61302000270031
41.0,0.0,0.0,1680.0000000007053,10.427419354733502,49.09000015258789,0.004666646321410327,8.888668482985861e-05,1470.0000000010539,220.42741935438494,48.400001525878906,0.0010000864664826594,0.00047778235540350757,840.0000000008109,850.4274193546279,,,,,,,,,,,108.0,445.36,1.17228482461621,108.0,248534.723725408,1,1,6806.05170219188,2876.16244042506,1,61302000261,61302000260461
40.0,0.0,0.0,1799.9999999990894,2.322580644858135,48.880001068115234,0.010333379109449434,-0.0007333331637806478,1619.9999999993108,177.6774193549204,45.650001525878906,0.0006666819254537548,2.2222730848392678e-05,179.99999999885296,1617.6774193553783,,,,,,,,,,,129.0,78.4,1.17228482461621,129.0,247527.455473603,1,1,6810.93161061749,2876.16244042506,1,61302000261,61302000260411
40.0,0.0,0.0,1740.0000000004984,7.717741935767208,48.25,0.0023333231608207144,-0.0003000005086381944,1589.9999999998097,142.2822580649215,46.86000061035156,-0.0030000050861920917,-0.00010000016953737207,660.0000000010348,1072.2822580636964,,,,,,,,,,,117.0,125.888888888889,1.17228482461621,117.0,247351.768371164,1,1,6811.87610902244,2876.16244042506,1,61302000261,61302000260401
40.0,0.0,0.0,1589.9999999993593,5.95766129125991,48.650001525878906,0.025666681925515644,0.0007444424099437483,1380.000000000449,215.9576612901701,46.459999084472656,0.0,1.1113484700454628e-05,330.0000000001468,1265.9576612904723,,,,,,,,,,,105.0,2619.76,1.24363752433272,105.0,247128.121577372,1,1,6812.66319102657,3231.33473368195,1,61302000261,61302000260391
40.0,0.0,0.0,2520.00000000039,11.177419355279653,48.54999923706055,0.004666646321626114,-0.00037777794730606967,2399.999999999663,108.82258064544749,46.209999084472656,-0.002000045776372114,4.444122314475019e-05,1259.9999999988731,1248.8225806462374,,,,,,,,,,,169.0,3547.44,1.2912059908104,169.0,246944.982614316,1,1,6813.4502730307,3468.11626251987,1,61302000261,61302000260381
40.0,0.0,0.0,1200.000000000657,2.7217741933563957,48.040000915527344,0.012999979655210102,0.0004222191704817678,1350.0000000002099,147.27822580619636,47.849998474121094,0.0,0.00010000016954331108,1500.0000000006462,297.2782258066327,48.06999969482422,-0.0009999593098300719,-0.0004777738782722653,1080.0000000022303,122.7217741917832,47.040000915527344,-0.0019999186197117175,-1.110500759118868e-05,720.0000000009467,482.72177419306684,82.0,119.138888888889,1.2912059908104,82.0,246748.306151455,1,1,6814.39477143566,3468.11626251987,1,61302000261,61302000260371
40.0,0.0,0.0,1409.9999999997412,14.727822580732209,48.47999954223633,0.009666697183924256,0.0002555592854627139,1259.9999999994807,135.27217741952836,47.040000915527344,-0.0019999186197272012,-1.1105007594829987e-05,870.0000000006285,525.2721774183806,,,,,,,,,,,92.0,2.77551020408163,1.2912059908104,92.0,246555.199116737,1,1,6815.49668624144,3468.11626251987,1,61302000261,61302000260361
40.0,0.0,0.0,2010.0000000006996,6.33870967773305,48.619998931884766,-0.003333409627366869,-0.0002444500393422956,1859.9999999999764,143.66129032299023,46.880001068115234,0.0,0.00010000016954705746,1439.9999999995862,563.6612903233804,,,,,,,,,,,129.5,353.25,1.2912059908104,129.5,246343.41674882,1,1,6816.4411846464,3468.11626251987,1,61302000261,61302000260351
40.0,0.0,0.0,2190.0000000005107,12.520161291000022,47.06999969482422,-0.009666697184168084,-0.0007333331637679439,2010.000000001204,167.47983870830672,46.65999984741211,-0.0020000457764143306,-3.3336215551772694e-05,1589.999999999516,587.4798387099947,,,,,,,,,,,139.5,243.805555555556,1.2912059908104,139.5,246149.550681968,1,1,6817.38568305136,3468.11626251987,1,61302000261,61302000260341
39.5,0.0,0.0,2009.9999999999557,3.653225806243654,47.060001373291016,0.23533337911019636,0.007844445970356407,2130.0000000010014,123.65322580728935,46.86000061035156,0.0,5.555470784222764e-05,2310.000000001432,303.65322580772,,,,,,,,,,,132.5,815.138888888889,1.2912059908104,132.5,245958.160533127,1,1,6818.33018145631,3468.11626251987,1,61302000261,61302000260331
39.5,0.0,0.0,1770.0000000000907,11.352822580907059,46.47999954223633,0.2326666514130144,0.007755555047271707,1889.9999999991323,131.35282257994868,46.040000915527344,0.0013333638508921765,0.00011111365424000617,2250.0000000003265,491.35282258114285,,,,,,,,,,,121.0,693.138888888889,1.2912059908104,121.0,245358.911997574,1,2,6821.16367667118,3468.11626251987,1,61302000261,61302000260301
39.5,0.0,0.0,1919.9999999997733,0.24193548404400644,47.2599983215332,-0.029333368937353447,-0.0013444434272167829,1589.9999999992647,329.75806451646463,45.97999954223633,0.0,2.2222730848952787e-05,719.9999999990871,1199.7580645166422,,,,,,,,,,,121.0,544.805555555556,2.79297992812474,121.0,244549.810999653,1,1,6825.25650309266,1009.77288050861,1,61302000261,61302000260261
44.189998626708984,-0.00033340454101381825,8.888668484176663e-05,1080.0000000001692,11.431451612967066,46.52000045776367,0.009999974568987682,-0.007133335537451228,1530.0000000000155,461.43145161281336,45.95000076293945,0.0006666819254597815,3.333197699666415e-05,1830.0000000001432,761.4314516129411,,,,,,,,,,,90.0,576.138888888889,3.24766922437779,90.0,242970.626502476,1,1,6832.96990673313,948.437538650824,1,61302000261,61302000260181
39.5,-0.15399996439578242,-0.005133332146513534,1019.9999999998425,13.911290322699529,45.5,0.001333363850922878,-0.0065777757432513295,1109.9999999998433,76.08870967730127,45.08000183105469,0.0003334045410117386,1.111348470026174e-05,1440.0000000000969,406.0887096775548,,,,,,,,,,,67.0,158.204081632653,3.24766922437779,67.0,242393.182320601,1,1,6835.803401948,948.437538650824,1,61302000261,61302000260151
39.5,0.0,0.0,1829.9999999993026,5.104838708826264,45.13999938964844,0.0,0.0,2670.0000000002387,845.1048387097624,43.97999954223633,-0.0003334045410120014,5.5550469292198284e-05,3300.000000000371,1475.1048387098947,,,,,,,,,,,116.0,864.138888888889,1.50258007400095,116.0,241376.304764918,1,1,6840.84072677444,1712.74066026563,1,61302000261,61302000260101
39.5,0.0,0.0,2969.9999999997403,8.080645160734548,44.880001068115234,-0.0016666412353471415,-8.888668484052775e-05,2580.000000000507,381.91935483849875,43.47999954223633,-0.00033340454101474313,2.2218492295502123e-05,1320.0000000007287,1641.919354838277,45.099998474121094,0.0036665598551983633,6.665971544515367e-05,3390.0000000006385,428.0806451616327,43.68000030517578,-0.0006666819254481499,-2.222273084801902e-05,4500.000000000829,1538.0806451618228,164.5,284.555555555556,1.50258007400095,164.5,241187.059945944,1,1,6841.78522517939,1712.74066026563,1,61302000261,61302000260091
39.5,0.0,0.0,1500.0000000003179,9.858870967625307,44.77000045776367,0.0013333638509124184,2.2222730847853622e-05,1289.999999999595,200.1411290330975,43.0,0.0016666412352491235,1.1109246143858266e-05,120.00000000171512,1370.1411290309775,,,,,,,,,,,72.0,257.805555555556,1.50258007400095,72.0,240979.656258455,1,1,6842.72972358435,1712.74066026563,1,61302000261,61302000260081
39.0,0.0,0.0,2609.9999999999072,3.356854839191328,45.099998474121094,-0.0006666819254750715,-0.006822221544243429,2760.0000000001337,146.64314516103514,44.459999084472656,0.0006666819254327184,4.444546169472867e-05,3270.000000000865,656.6431451617664,44.849998474121094,0.0006665547688985871,4.443698459316976e-05,2280.000000000396,333.3568548387025,43.439998626708984,0.0,0.0,1290.0000000008508,1323.3568548382477,175.0,233.916666666667,1.43781689682017,175.0,240192.027659515,1,1,6846.35030080335,1518.02047890019,1,61302000261,61302000260041
39.0,0.0,0.0,900.0000000007736,13.681451613476042,44.83000183105469,0.19433339437095518,0.006477779812447359,1020.0000000003491,133.68145161305154,43.97999954223633,-0.00033340454101985504,1.110500759570812e-05,1500.0000000001532,613.6814516128557,,,,,,,,,,,63.0,477.138888888889,1.43781689682017,63.0,240008.462922184,1,1,6847.2947992083,1518.02047890019,1,61302000261,61302000260031
39.0,0.0,0.0,1169.9999999996135,9.877016128848254,44.619998931884766,0.18733329773049318,0.006244443257716472,1229.9999999992929,69.87701612852766,43.58000183105469,0.000666681925468897,5.555470784621692e-05,1889.999999999391,729.8770161286259,,,,,,,,,,,77.5,162.472222222222,1.43781689682017,77.5,239802.775551959,1,1,6848.23929761326,1518.02047890019,1,61302000261,61302000260021
39.0,0.0,0.0,1440.0000000000286,14.062499999963848,44.959999084472656,0.004333241780625397,5.555046929357909e-05,1289.9999999999843,135.9375000000805,43.54999923706055,0.0,0.0,540.0000000000019,885.9375000000629,46.0099983215332,0.014333216349312207,0.002755550808383512,1619.999999999952,194.06249999988722,43.869998931884766,0.0,2.2222730848273348e-05,2430.000000000211,1004.0625000001462,93.0,68.8888888888889,1.21172664583331,93.0,239186.695099974,1,1,6851.38762562978,2318.36690839624,1,61302000251,61302000250491
39.0,0.0,0.0,1259.9999999993715,5.588709678103669,45.54999923706055,0.006666692097838929,0.00047778235539655973,1530.0000000005894,264.41129032311414,44.400001525878906,-0.0026666005452334104,-3.333197699617815e-05,1859.9999999998818,594.4112903224066,44.400001525878906,-0.0003332773844415414,-0.0001555548773857334,1140.0000000005077,125.58870967696748,42.689998626708984,0.0009999593099100795,2.2222730848940952e-05,359.999999999649,905.5887096778263,84.0,11.4722222222222,1.21172664583331,84.0,239003.723618652,1,1,6852.33212403474,2318.36690839624,1,61302000251,61302000250481
39.0,0.0,0.0,1230.000000000625,11.328629032146864,45.529998779296875,0.003666687011611841,3.333621554444822e-05,1590.0000000004209,348.67137096764895,43.54999923706055,-0.00033340454101361865,2.221849229673437e-05,2429.9999999991455,1188.6713709663736,44.619998931884766,0.009666570027632711,0.0001222186618256932,1109.999999999477,131.32862903329487,41.66999816894531,-0.0013333638509432258,-4.444546169916644e-05,449.99999999950916,791.3286290332628,87.0,77.04,1.21172664583331,87.0,238790.001158923,1,1,6853.11920603887,2318.36690839624,1,61302000251,61302000250471
38.5,0.0,0.0,1079.9999999987117,8.600806451264134,45.09000015258789,0.008666610718219309,-0.00017778184675356395,929.9999999981344,141.39919354931317,42.119998931884766,-0.0003334045410145125,5.555046929615716e-05,359.9999999995194,711.3991935479282,45.65999984741211,0.0030000050862530165,8.889092339347598e-05,1469.9999999982167,398.60080645076914,43.52000045776367,-0.0013333638509477985,-2.2222730851066903e-05,2279.9999999994684,1208.6008064520208,78.5,67.2222222222222,1.21172664583331,78.5,238608.206239651,1,1,6854.06370444382,2318.36690839624,1,61302000251,61302000250461
38.5,0.0,0.0,1560.0000000013388,4.669354839564676,43.83000183105469,0.0006666819254792856,-0.00012222290038666248,1200.0000000008083,355.3306451609658,42.61000061035156,0.0,4.4445461697628173e-05,779.9999999998287,775.3306451619454,,,,,,,,,,,108.0,98.6938775510204,1.21172664583331,108.0,238416.287446524,1,1,6855.16561924961,2318.36690839624,1,61302000251,61302000250451
38.5,0.0,0.0,1980.0000000008667,14.758064516179275,44.290000915527344,0.01633338928220391,0.0006555599636519006,1620.0000000003483,374.7580645166977,42.84000015258789,0.0,-4.4445461697040183e-05,1139.9999999997024,854.7580645173437,,,,,,,,,,,136.0,219.222222222222,1.21172664583331,136.0,238196.020060983,1,2,6856.11011765456,2318.36690839624,1,61302000251,61302000250441
38.5,0.0,0.0,2100.000000000655,1.657258064027701,44.470001220703125,0.00833333333334685,0.00018888685438160115,2460.00000000043,358.34274193574765,43.869998931884766,0.0,2.2222730848518913e-05,2760.0000000011964,658.3427419365139,,,,,,,,,,,143.0,2123.38775510204,1.51061127366631,536.0,238012.520803599,2,2,6857.21203246034,2024.43874029812,1,61302000251,61302000250431
38.5,0.0,0.0,2220.0000000013038,4.826612904353169,44.290000915527344,0.025000000000344472,0.0008333333333562981,2489.9999999997463,274.82661290279566,43.93000030517578,-0.0009999593099078079,-7.777743869271465e-05,2850.000000000018,634.8266129030676,,,,,,,,,,,150.0,1372.55555555556,1.63016512479952,536.0,237800.144311682,2,2,6858.1565308653,1906.86747305887,1,61302000251,61302000250421
38.5,0.0,0.0,1680.0000000009597,8.739919355895609,45.029998779296875,0.014333343506068278,0.00042222340903093017,1440.0000000003688,231.26008064469534,43.31999969482422,-0.005666732787834085,-0.00012222713892657907,870.0000000009886,801.2600806440755,44.81999969482422,0.000999959309963338,-0.006955557929088343,1859.9999999997387,188.7399193546746,42.83000183105469,-0.0009999593098839498,-2.2222730847747225e-05,2460.0000000004516,788.7399193553874,110.0,163.138888888889,1.63016512479952,536.0,237618.956066018,2,2,6859.10102927026,1906.86747305887,1,61302000251,61302000250411
38.5,0.0,0.0,1800.0000000002012,13.693548387794863,44.97999954223633,0.0,-0.007199999491301229,1950.0000000001464,163.69354838774007,42.880001068115234,-0.0006666819254323648,-1.111348469914238e-05,2550.000000000109,763.6935483877028,,,,,,,,,,,117.0,661.44,1.63016512479952,117.0,237401.417071262,1,1,6859.88811127439,1906.86747305887,1,61302000251,61302000250401
38.5,0.0,0.0,899.9999999995613,4.0392933442490175e-10,45.70000076293945,0.03233337402335369,-0.005844442579451038,1019.9999999996413,119.9999999996761,43.06999969482422,-0.0009999593098970914,4.238552389021964e-09,1439.999999999575,539.9999999996098,,,,,,,,,,,60.0,176.0,1.63016512479952,60.0,237197.299838847,1,1,6860.83260967934,1906.86747305887,1,61302000251,61302000250391
38.5,0.0,0.0,990.0000000000199,0.19354838754043158,43.150001525878906,0.0006666819254713829,3.3331976997674673e-05,1229.9999999995316,240.19354838705215,41.70000076293945,-0.0006666819254871883,0.00014444139268835195,1829.9999999987288,840.1935483862493,,,,,,,,,,,64.0,395.805555555556,1.63016512479952,64.0,237008.219911903,1,1,6861.7771080843,1906.86747305887,1,61302000251,61302000250381
38.0,0.0,0.0,1290.0000000005334,0.8225806456941882,43.709999084472656,-0.015333302815208194,-0.0013333299424300434,1440.0000000006721,150.8225806458329,42.529998779296875,-0.00033340454102485326,-1.1113484701136051e-05,1920.0000000001767,630.8225806453374,,,,,,,,,,,84.0,82.6875,1.63016512479952,84.0,236808.046562322,1,1,6862.4067736876,1906.86747305887,1,61302000251,61302000250371
38.0,0.0,0.0,2729.999999999785,14.546370967805615,43.09000015258789,0.0003332773844352594,-0.0001333363850913856,1980.0000000001332,764.5463709674573,41.86000061035156,-0.0013333638509146113,-2.222696940086203e-05,1319.999999999804,1424.5463709677865,,,,,,,,,,,180.0,2132.81632653061,1.4424383370601,536.0,236039.791031928,2,2,6866.18476730743,1930.84173455839,1,61302000251,61302000250331
38.0,0.0,0.0,2280.0000000001796,14.062500000086857,42.630001068115234,-0.00433324178063919,-0.00029999627007880233,1950.0000000000862,344.0625000001803,41.77000045776367,0.0006666819254619189,4.4445461697637186e-05,750.0000000001523,1544.0625000001141,,,,,,,,,,,156.0,403.6,1.4424383370601,156.0,235810.0673354,1,2,6866.97184931156,1930.84173455839,1,61302000251,61302000250321
37.5,0.0,0.0,899.9999999999638,3.0846774194666295,42.66999816894531,0.006999969482396436,0.0001444456312365375,779.9999999996236,123.0846774198069,42.06999969482422,0.0,7.777743869276217e-05,569.9999999993875,333.084677420043,,,,,,,,,,,63.0,310.138888888889,1.4424383370601,63.0,235636.096670683,1,1,6867.91634771652,1930.84173455839,1,61302000251,61302000250311
37.5,0.0,0.0,1529.999999999207,8.147177420063144,41.9900016784668,-0.00033327738442921984,2.2222730849981027e-05,1350.0000000004554,188.14717741881464,41.31999969482422,-0.0006666819254743515,-1.1113484702003128e-05,780.0000000003115,758.1471774189586,,,,,,,,,,,103.5,238.25,1.4424383370601,103.5,235426.381850856,1,2,6868.86084612147,1930.84173455839,1,61302000251,61302000250301
37.5,0.0,0.0,1380.000000001107,0.7560483861932425,42.02000045776367,0.0066666920982442115,0.00022222306995022174,1199.9999999996003,180.75604838770005,41.34000015258789,0.00033327738446539776,2.2218492298041115e-05,569.9999999999968,810.7560483873035,,,,,,,,,,,96.0,65.6326530612245,1.4424383370601,536.0,235241.429505095,2,2,6869.96276092725,1930.84173455839,1,61302000251,61302000250291
37.5,0.016666666666237815,0.0011111111111028625,2070.0000000003697,12.762096773865778,41.65999984741211,-0.003000005086439372,-0.0004333326551894834,1919.9999999996326,162.76209677460292,41.380001068115234,-0.00033327738444249876,4.238552191113329e-09,1320.0000000004995,762.762096773736,,,,,,,,,,,143.0,127.333333333333,1.19681514751637,143.0,235031.128267733,1,1,6870.90725933221,2073.44594904564,1,61302000251,61302000250281
37.0,0.0,0.0,1560.000000001269,4.669354839809557,41.560001373291016,-0.0016666412353134907,-0.00011110941568814036,1230.000000000524,325.3306451609353,41.34000015258789,-0.0006666819254392341,-1.1113484699369672e-05,930.0000000006929,625.3306451607665,,,,,,,,,,,108.0,257.25,1.07400355274451,108.0,234840.824647454,1,1,6871.85175773717,2144.74805628926,1,61302000251,61302000250271
37.0,0.0,0.0,1889.9999999999043,10.66935483843531,41.689998626708984,-0.0006666819254634803,-6.666819254721443e-05,1679.9999999996187,220.6693548387209,41.459999084472656,-0.001333363850894602,-5.5554707844141005e-05,1229.9999999993352,670.6693548390044,,,,,,,,,,,129.0,105.84,1.07400355274451,129.0,234636.259586384,1,1,6872.6388397413,2144.74805628926,1,61302000251,61302000250261
36.5,0.0,0.0,1469.9999999997158,5.4375000004365575,41.95000076293945,0.0013333638508982299,-4.444122314412237e-05,1650.0000000007028,174.56250000055047,41.099998474121094,-0.00033340454102239207,3.3331976995589204e-05,1979.9999999998724,504.5624999997201,,,,,,,,,,,94.0,392.0,1.07400355274451,94.0,234253.255059674,1,1,6874.68525295204,2144.74805628926,1,61302000251,61302000250241
36.5,0.0,0.0,1890.000000000139,11.975806451664312,41.38999938964844,0.0,-0.005433332655244696,2039.9999999998506,161.975806451376,40.75,-0.000666681925447978,1.1109246148124601e-05,2430.000000000303,551.9758064518282,42.70000076293945,0.012999979654944665,-0.00011111365424876383,1680.0000000000225,198.0241935484521,41.29999923706055,-0.0006666819254382311,-3.333197699515116e-05,1440.0000000006296,438.024193547845,115.5,56.25,1.07400355274451,115.5,234029.553009505,1,1,6875.62975135699,2144.74805628926,1,61302000251,61302000250231
36.0,0.0,0.0005555555555591767,1649.9999999995791,0.6774193544449645,41.20000076293945,0.0,-0.005777778625392555,1799.9999999999932,150.677419354859,40.650001525878906,-0.0013332366943249031,-4.444122314379563e-05,2130.0000000000177,480.67741935488357,41.959999084472656,0.0006666819254582051,1.1113484700651204e-05,1319.9999999996567,329.3225806454775,41.459999084472656,-0.0006666819254607706,-2.2222730848860406e-05,269.99999999965644,1379.3225806454777,92.0,134.244897959184,1.17486157350514,92.0,233843.147780607,1,1,6876.73166616277,2759.57427399682,1,61302000251,61302000250221
36.0,0.0,0.0,1409.999999999618,6.26612903256887,41.599998474121094,0.013666661580172245,0.00045555538599802815,1680.000000000432,263.7338709682451,40.650001525878906,-0.001333236694308584,-4.444122314270768e-05,1949.9999999997465,533.7338709675596,,,,,,,,,,,79.0,188.472222222222,1.19167124363191,79.0,233630.176123096,1,1,6877.67616456773,2862.04531028141,1,61302000251,61302000250211
36.0,0.0,0.0,1649.9999999996116,3.7802419349777665,42.09000015258789,0.0,0.0,1350.0000000010925,296.21975806354135,41.279998779296875,0.0016666412353984956,0.00021110958523573164,600.000000000846,1046.219758063788,,,,,,,,,,,96.0,732.222222222222,1.19167124363191,96.0,233443.176777579,1,1,6878.62066297269,2862.04531028141,1,61302000251,61302000250201
36.0,0.0,0.0,1380.0000000001983,2.758064516138802,41.36000061035156,-0.01066665649417086,-0.0006111102634201386,1799.9999999997428,417.24193548340577,41.099998474121094,-0.001000086466412338,-1.1113484697790019e-05,2160.000000001353,777.2419354850158,41.380001068115234,-0.001999918619797343,-0.00012221866183880143,959.9999999996755,422.75806451666153,40.11000061035156,0.020000457763671875,-0.0006444591945901451,0.0,1382.758064516337,82.5,173.555555555556,1.19167124363191,82.5,233241.881214031,1,1,6879.56516137764,2862.04531028141,1,61302000251,61302000250191
36.0,0.0,0.0,1380.000000000264,4.983870968004112,41.25,0.0060000101723787485,0.00016666836207741752,1200.0000000005143,184.98387096775377,40.459999084472656,0.0,1.1113484700666383e-05,690.0000000001314,694.9838709681367,41.880001068115234,0.015999984740819855,0.00026666429305596064,1590.0000000007487,205.01612903248065,40.9900016784668,-0.0006665547688845833,-5.555046929222689e-05,1980.0000000009888,595.0161290327208,94.0,244.122448979592,1.19167124363191,94.0,233060.692968389,1,1,6880.66707618343,2862.04531028141,1,61302000251,61302000250181
35.5,0.0,0.005777778625687615,2159.9999999986526,8.758064516856393,41.36000061035156,0.000999959309975426,7.777320014791662e-05,2459.999999999003,291.2419354834942,40.630001068115234,0.0,2.2222730849300087e-05,2819.999999999242,651.241935483733,,,,,,,,,,,152.0,28.1388888888889,1.19167124363191,152.0,232848.910599249,1,1,6881.61157458838,2862.04531028141,1,61302000251,61302000250171
35.5,0.0,0.0,2490.0000000011773,11.268145161401662,41.34000015258789,0.006999969482038721,0.0002333323160551856,1980.0000000021441,521.2681451604349,40.439998626708984,-0.00033340454100757677,1.1109246147484644e-05,1380.0000000009932,1121.2681451615858,,,,,,,,,,,170.0,947.918367346939,1.19167124363191,536.0,232665.939984181,2,2,6882.71348939416,2862.04531028141,1,61302000251,61302000250161
35.5,0.0,0.0,1979.9999999997865,8.891129032597519,42.25,0.0,-0.0003111097547854303,2279.9999999990423,308.8911290318533,40.790000915527344,-0.0006666819254471191,3.3331976997388945e-05,2849.9999999990205,878.8911290318315,41.0099983215332,0.0,-1.1109246148405266e-05,1289.9999999991576,681.1088709680314,40.369998931884766,-0.001333363850894233,2.2222730852057098e-05,779.9999999999548,1191.1088709672342,135.0,793.387755102041,1.19167124363191,536.0,232454.157615901,2,2,6883.81540419995,2862.04531028141,1,61302000251,61302000250151
35.5,0.0,0.0058111106022702315,2399.9999999998463,8.975806451239805,43.290000915527344,0.0,-0.00018889109292922302,2610.0000000000095,218.97580645140306,40.61000061035156,-0.00133336385088581,1.1109246150966426e-05,3270.000000000198,878.9758064515913,41.04999923706055,0.0006666819254025579,3.3336215544742144e-05,1830.000000001374,561.0241935472325,39.63999938964844,0.0,1.1113484700794245e-05,929.9999999986289,1461.0241935499776,158.0,102.0,1.16324864303813,536.0,232242.375247335,2,2,6884.7599026049,2735.31764846974,1,61302000251,61302000250141
35.5,0.0,0.0,2759.999999999131,5.250000000438831,41.56999969482422,-0.015333302815558576,-0.0006222195095360025,2159.999999999175,605.2500000003947,39.439998626708984,-0.0006666819254691496,2.222273084914547e-05,1289.999999999207,1475.250000000363,42.08000183105469,-0.01133321126252092,-8.88824462547584e-05,2970.000000000183,204.750000000613,40.880001068115234,-0.0003332773844254031,2.222273084957966e-05,3570.0000000000896,804.7500000005198,186.5,28.5555555555556,1.02113564006926,186.5,232060.592878934,1,1,6885.70440100986,2101.67933941141,1,61302000251,61302000250131
35.5,0.0,0.0,2670.0000000013756,14.999999998684416,41.380001068115234,0.0003334045410241407,-0.006511107550655937,2820.000000000321,135.00000000026102,40.75,0.0003332773844486166,2.2218492296453026e-05,3240.000000000727,555.0000000006671,,,,,,,,,,,180.0,45.3469387755102,1.02113564006926,180.0,231873.230628162,1,1,6886.80631581564,2101.67933941141,1,61302000251,61302000250121
35.5,0.0,0.0,3000.000000000026,3.6532258061765788,43.34000015258789,0.003999964396186745,-1.1113484696504736e-05,2580.0000000006353,416.34677419321406,39.279998779296875,-0.002333323160681537,-0.00011110941568012191,1560.0000000023042,1436.3467741915451,,,,,,,,,,,198.5,1122.66666666667,1.02113564006926,198.5,231253.423326982,1,1,6889.79722743134,2101.67933941141,1,61302000251,61302000250091
35.5,0.0,0.0,1949.9999999988736,6.417338707969748,42.650001525878906,-0.000666554768878708,1.111772325398362e-05,1559.9999999993745,383.58266129152935,38.79999923706055,-0.0003334045410141676,-1.1113484700423673e-05,539.999999999868,1403.582661291036,,,,,,,,,,,129.5,301.888888888889,1.00924571061671,129.5,231066.424809929,1,1,6890.74172583629,1030.80004010718,1,61302000251,61302000250081
35.5,0.0,0.0,1799.9999999996494,4.08266129115691,41.38999938964844,-0.0073333740234489495,3.333197700570786e-05,1530.000000000093,274.0826612907133,38.400001525878906,0.0003334045410166301,4.238552872303492e-09,510.00000000088056,1294.0826612899257,,,,,,,,,,,123.0,113.387755102041,1.0035793987707,123.0,230874.275626105,1,1,6891.84364064208,490.378295839856,1,61302000251,61302000250071
35.5,0.0,0.0,1499.9999999988827,5.141129033625475,40.38999938964844,-0.0006666819254604132,-0.00010000016954088501,1290.00000000101,215.14112903149817,38.31999969482422,0.0003332773844516847,5.555046929389315e-05,179.9999999990173,1325.1411290334909,40.83000183105469,0.014666748046927913,0.0006333372327975944,1740.0000000003831,234.85887096787496,39.380001068115234,-0.0003332773844525369,5.555894639537328e-05,2549.999999999428,1044.8588709669198,105.0,531.222222222222,1.05489647734835,105.0,230658.993998037,1,1,6892.78813904703,660.918166309931,1,61302000251,61302000250061
35.5,0.0,0.0,1739.9999999994996,1.403225806056298,40.650001525878906,-0.01499989827485725,-0.000988883972197882,1650.0000000003156,88.59677419312766,38.310001373291016,0.00033340454101742165,1.111348470064061e-05,479.99999999980747,1258.5967741936358,40.7599983215332,0.005999883016174252,0.00018888261584553616,2189.999999999542,451.4032258060988,39.40999984741211,-0.00033327738442145256,-1.1109246146760031e-05,3000.000000002103,1261.40322580866,118.5,1208.0,1.3096241843682,118.5,230477.211629052,1,1,6893.73263745199,1546.83148276167,1,61302000251,61302000250051
35.5,0.0,0.0,2759.9999999996066,5.782258064779398,40.970001220703125,-0.00033327738443704273,-0.0005888875325591397,3149.9999999995234,395.7822580646962,39.349998474121094,0.0003332773844475608,1.110924614850058e-05,3869.9999999997162,1115.782258064889,,,,,,,,,,,182.0,162.138888888889,1.3096241843682,182.0,230265.78043799,1,1,6894.67713585694,1546.83148276167,1,61302000251,61302000250041
35.5,0.0,0.0,1499.9999999998402,13.306451612819956,39.4900016784668,0.004333368936993842,0.00014444563122710682,1380.0000000001376,133.30645161252255,38.27000045776367,0.000333404541007151,-4.4441223144740184e-05,1019.9999999998762,493.3064516127839,,,,,,,,,,,101.0,479.555555555555,1.3096241843682,101.0,230070.592772915,1,1,6895.6216342619,1546.83148276167,1,61302000251,61302000250031
35.5,0.0,0.004255557590163427,1799.999999999655,4.082661290602346,39.33000183105469,-0.0003332773844426023,-1.1109246148170016e-05,1709.999999999905,94.08266129035246,37.9900016784668,0.0,0.0,1109.9999999999077,694.0826612903497,,,,,,,,,,,123.0,4.80555555555556,1.3096241843682,123.0,229856.486709614,1,1,6896.56613266686,1546.83148276167,1,61302000251,61302000250021
35.0,0.0,0.0,2280.0000000001305,0.06048387111786724,39.900001525878906,-0.0016666412353596469,-0.00038888719347044955,2099.9999999999723,179.93951612904038,38.630001068115234,-0.0013332366943630991,3.334045410052752e-05,1619.9999999999045,659.9395161291081,,,,,,,,,,,150.0,83.265306122449,1.89582485535417,150.0,229292.285331973,1,1,6899.55704428255,2517.5999897623,1,61302000241,61302000240491
35.0,0.0,0.0,2040.000000000101,12.344758064717098,39.54999923706055,-0.000333404541010369,-0.005077781677169709,2130.000000000416,102.34475806503224,39.41999816894531,0.0019999186197750844,5.555046929138813e-05,2550.0000000000186,522.3447580646348,39.560001373291016,0.0,-4.444546169601446e-05,1830.0000000007044,197.65524193467945,38.630001068115234,-0.0013332366943369582,3.3340454099684636e-05,1410.0000000002933,617.6552419350905,137.0,774.0,1.89582485535417,137.0,229081.690133018,1,1,6900.50154268751,2517.5999897623,1,61302000241,61302000240481
35.0,0.0,0.0049888907539347655,1740.000000000214,14.99999999989609,39.349998474121094,0.14499994913583672,0.004833331637810122,1860.0000000004386,105.00000000032855,39.18000030517578,0.0,5.555470784387818e-05,2160.000000001176,405.0000000010659,39.52000045776367,0.001666641235382485,-5.555894640091283e-05,1500.0000000001107,254.99999999999932,38.65999984741211,-0.0013333638509398452,-7.778167724766597e-05,1080.0000000002863,674.9999999998238,117.0,567.36,1.89582485535417,117.0,228894.921173242,1,1,6901.28862469164,2517.5999897623,1,61302000241,61302000240471
35.0,0.0,0.005933333502860572,1080.0000000005562,3.8951612899293195,39.08000183105469,0.136000061033171,0.004533335367706192,1140.000000001089,56.10483871060342,38.75,0.0003332773844486975,4.444122314592188e-05,1560.0000000001535,476.104838709668,,,,,,,,,,,71.0,44.6666666666667,1.89582485535417,71.0,228698.244567079,1,1,6902.23312309659,2517.5999897623,1,61302000241,61302000240461
35.0,0.0,0.0049111090764443225,1380.00000000069,6.120967741451068,39.41999816894531,0.0,-8.888668484403206e-05,1319.999999999703,66.1209677424381,38.720001220703125,0.0003334045409896294,7.778167724223723e-05,870.0000000023595,516.1209677397817,,,,,,,,,,,93.0,103.472222222222,1.89582485535417,93.0,228487.197325088,1,1,6903.17762150155,2517.5999897623,1,61302000241,61302000240451
35.0,0.0,0.0044222217134083615,1380.0000000001507,14.999999999386546,39.20000076293945,-0.0013333638508455186,-0.00012222713893552054,1140.0000000004834,254.9999999990539,38.709999084472656,-0.009666697183757652,-0.0005444463093719275,870.0000000002078,524.9999999993295,,,,,,,,,,,94.0,56.7755102040816,1.89582485535417,94.0,228299.076045199,1,1,6904.27953630733,2517.5999897623,1,61302000241,61302000240441
35.0,0.0,0.0041333346897248985,1619.999999999556,2.97859514830634e-11,38.83000183105469,0.005333455403671138,0.00017778184678988142,1769.999999999968,150.00000000038222,38.7599983215332,0.00166664123535947,8.88909233951282e-05,2129.9999999993547,509.999999999769,39.189998626708984,0.004333241780660176,7.777320014363194e-05,1319.9999999994911,300.0000000000946,38.61000061035156,-0.0013333638509227868,-4.2385524339024726e-09,1110.000000001276,509.9999999983097,108.0,14.5555555555556,1.89582485535417,108.0,228080.360640087,1,1,6905.22403471229,2517.5999897623,1,61302000241,61302000240431
35.0,0.0,0.0,1949.9999999990798,10.747983872373197,39.38999938964844,0.0016666412353463077,0.00010000016954168771,1679.9999999994764,280.74798387197666,38.66999816894531,-0.0033334096272844564,-0.0001444456312396529,1349.9999999991808,610.7479838722722,,,,,,,,,,,129.0,242.25,1.89582485535417,129.0,227872.362515316,1,1,6906.16853311725,2517.5999897623,1,61302000241,61302000240421
35.0,0.0,0.0,1889.999999999879,6.550403226056005,40.29999923706055,0.00866661071778723,0.00028888702392670083,1679.9999999996821,216.5504032262529,38.79999923706055,0.0,-2.2222730848734506e-05,1289.9999999998658,606.5504032260692,,,,,,,,,,,127.0,75.84,1.89582485535417,127.0,227704.05785068,1,1,6906.95561512138,2517.5999897623,1,61302000241,61302000240411
35.0,0.0,0.00846666547992734,1619.999999999346,14.370967742620905,35.0,0.0,0.0,1679.99999999934,45.629032257372955,37.52000045776367,-0.0009999593098880878,-3.3331976996011406e-05,2580.000000000159,945.6290322581922,,,,,,,,,,,108.5,1264.47222222222,1.89582485535417,108.5,227478.49230742,1,1,6907.90011352633,2517.5999897623,1,61302000241,61302000240401
35.0,0.0,0.0,2339.999999999663,0.7379032259523228,39.22999954223633,0.007999928792397137,-0.004166670905207773,2429.9999999997003,89.26209677408497,37.470001220703125,0.00033340454101439695,1.1113484700438962e-05,3329.999999999817,989.2620967742018,,,,,,,,,,,154.0,4.0,1.89582485535417,154.0,227291.129231482,1,1,6908.84461193129,2517.5999897623,1,61302000241,61302000240391
35.0,0.0,0.0,2910.000000000047,12.127016128986725,35.0,-0.15166664123713328,-0.005177777608355631,2820.0000000000427,77.87298387101737,38.59000015258789,0.00133336385093551,8.889092339567843e-05,2310.000000000196,587.8729838708641,39.09000015258789,0.13633333841844528,0.004544444613909807,2940.0000000003,42.12701612924002,37.560001373291016,-0.001333236694341475,4.238552517396544e-09,3779.9999999999845,882.1270161289244,189.0,686.571428571429,1.55473954719102,189.0,227105.84675183,1,1,6909.94652673707,2357.65749335017,1,61302000241,61302000240381
35.0,0.0,0.0,3479.9999999995007,14.58870967675739,39.58000183105469,-0.009333292643330039,-0.005711110433006568,3569.99999999954,104.5887096767965,37.400001525878906,0.0,2.2218492296071607e-05,4829.999999999448,1364.5887096767046,40.619998931884766,0.05333328247089149,0.0017555533515206528,3299.9999999995453,165.41129032319805,38.150001525878906,0.0016667683919200091,5.555894639709783e-05,2700.000000000002,765.4112903227415,228.0,1209.0,1.41830542392576,228.0,226892.280979425,1,2,6910.89102514203,2293.68049478532,1,61302000241,61302000240371
35.0,0.0,0.0,2909.9999999998713,15.000000000002728,39.90999984741211,0.16366666158234866,0.005455555386143123,3030.0000000001723,105.00000000029831,37.66999816894531,0.0,3.333621554881775e-05,3960.0000000004134,1035.0000000005393,38.470001220703125,0.0010000864664640474,5.555894639701091e-05,2820.0000000005643,104.9999999993097,38.09000015258789,-0.0009999593098771289,-3.333197699528081e-05,2460.0000000006526,464.9999999992215,195.5,1567.47222222222,1.41830542392576,195.5,226705.281633554,1,2,6911.83552354698,2293.68049478532,1,61302000241,61302000240361
35.0,0.0,0.0,2070.0000000008745,11.370967741449022,39.0,-0.01666666666706179,-0.0005555555555818972,2249.999999999588,168.6290322572645,37.630001068115234,0.0003334045410151146,4.444970024869059e-05,3180.000000000611,1098.6290322582877,37.970001220703125,-0.0019999186198651053,-0.0001555506388409602,1830.0000000000052,251.37096774231827,37.720001220703125,-0.0009999593098881938,4.4445461697856784e-05,1530.0000000006503,551.3709677416732,141.0,540.888888888889,1.41830542392576,258.0,226512.173847499,2,2,6912.78002195194,2293.68049478532,1,61302000241,61302000240351
35.0,0.0,0.0,2669.9999999999795,6.048387097568593,39.65999984741211,0.025666681924428995,0.0007888921101222478,2820.0000000001996,143.9516129026515,37.459999084472656,0.0,2.2222730848555633e-05,3989.999999999696,1313.9516129021476,,,,,,,,,,,180.0,301.888888888889,1.41830542392576,180.0,226298.067442348,1,1,6913.7245203569,2293.68049478532,1,61302000241,61302000240341
35.0,0.0,0.0,1830.0000000004245,8.116935484327541,38.81999969482422,0.013666661579691628,0.0002888870238905071,1950.0000000010973,128.11693548500034,38.06999969482422,0.0,1.1113484700397689e-05,2489.9999999994575,668.1169354833605,,,,,,,,,,,122.0,522.583333333333,1.41830542392576,122.0,226101.757679721,1,1,6914.66901876185,2293.68049478532,1,61302000241,61302000240331
35.0,0.0,0.0031333329942393002,1980.0000000001053,14.758064516609465,38.16999816894531,-0.014333343505654926,-0.0010111109415516454,2160.0000000003097,165.24193548359494,38.11000061035156,-0.0003332773844442467,-3.33319769974999e-05,2699.999999998973,705.2419354822584,,,,,,,,,,,136.0,294.204081632653,1.41830542392576,136.0,225920.56943376,1,2,6915.77093356763,2293.68049478532,1,61302000241,61302000240321
35.0,0.0,0.0,2189.9999999993797,14.34072580591237,38.849998474121094,0.020333226521379935,0.00047777387828583937,2370.0000000001887,194.34072580672137,38.08000183105469,0.0,1.1109246147966762e-05,2819.999999999326,644.3407258058587,,,,,,,,,,,148.0,284.8,1.41830542392576,258.0,225694.78764632,2,2,6916.55801557177,2293.68049478532,1,61302000241,61302000240311
34.5,0.0,0.0038777796426334348,2220.0000000000364,9.846774193225428,38.29999923706055,-0.006666692097659404,-0.0004888916015308912,2460.0000000008404,230.15322580757856,38.040000915527344,0.0,3.3331976996226145e-05,2759.999999999985,530.1532258067232,,,,,,,,,,,148.0,542.25,1.30108427924869,148.0,225490.670451098,1,1,6917.18768117507,2248.50560139343,1,61302000241,61302000240301
34.5,0.0,0.0,1290.0000000000882,11.86693548443236,38.68000030517578,0.0,1.1109246148573875e-05,989.9999999989584,288.13306451669746,37.880001068115234,-0.0006666819254979104,5.5554707842962416e-05,659.999999999297,618.1330645163589,38.02000045776367,0.0009999593098812213,3.333197699555364e-05,1410.0000000002021,131.86693548454627,37.790000915527344,0.0013333638509027371,8.889092339440713e-05,1709.9999999992376,431.86693548358176,84.0,294.16,1.18386313457161,84.0,225320.964385325,1,1,6917.9747631792,2203.33070800154,1,61302000241,61302000240291
34.5,0.0,0.0,960.0000000001457,2.2983870974853744,38.84000015258789,0.004666646321825453,0.00017777760824975818,779.9999999989434,177.70161290371698,37.84000015258789,-0.0009999593098833888,5.555894640118135e-05,359.99999999994117,597.7016129027193,37.7599983215332,0.0,-0.003622220357278565,1049.9999999995368,92.29838709687647,37.5,-0.00033327738445516387,1.1113484700212463e-05,1649.9999999988338,692.2983870961734,65.0,1135.0,1.18386313457161,65.0,225128.870053006,1,1,6918.91926158416,2203.33070800154,1,61302000241,61302000240281
34.5,0.0,0.0,959.9999999998563,1.7661290328533141,37.91999816894531,0.0033332824706337263,0.0001111094156854776,1110.0000000010125,148.23387096830288,36.72999954223633,-0.002000045776141279,6.666395399439399e-05,1440.000000003011,478.2338709703015,38.869998931884766,0.004999923705950571,0.0008777745564422239,660.0000000012205,301.7661290314891,37.849998474121094,-0.0036666870116486977,0.0003111097548017838,300.0000000004612,661.7661290322484,63.0,205.142857142857,1.18386313457161,63.0,224920.133820854,1,1,6920.02117638994,2203.33070800154,1,61302000241,61302000240271
34.5,0.0,0.0039555570811963935,1650.000000000546,11.951612902688112,38.029998779296875,0.006000010172531635,0.00013333638509120546,1859.9999999996107,198.0483870963767,36.56999969482422,-0.0009999593098678676,2.222696940285215e-05,2219.9999999997435,558.0483870965095,39.22999954223633,0.02299995422302217,0.0007444424098990645,1290.0000000012383,371.95161290199576,37.869998931884766,-0.0016666412353049517,0.00034444597032550313,990.0000000003107,671.9516129029233,108.0,59.8888888888889,1.18386313457161,108.0,224708.351451742,1,1,6920.96567479489,2203.33070800154,1,61302000241,61302000240261
34.5,0.0,0.0,1919.9999999997224,4.85080645109656,37.79999923706055,0.003999964396209149,0.0002222188313879153,2069.99999999981,154.8508064511841,36.75,0.0,7.777743869111943e-05,2460.0000000012164,544.8508064525906,38.2599983215332,-0.03300005594749585,-0.002222222222095654,1740.0000000017137,175.1491935469121,37.93000030517578,-0.0016666412352231614,1.111348470673385e-05,1380.0000000019581,535.1491935466677,126.0,88.2222222222222,1.18386313457161,126.0,224508.178025386,1,1,6921.91017319985,2203.33070800154,1,61302000241,61302000240251
34.0,0.0,0.0,1290.00000000023,5.721774193512829,39.25,0.028999964397396077,-0.0039000023736619933,1380.0000000003276,84.27822580658471,37.20000076293945,0.0,0.00022222306993333036,1949.999999999705,654.2782258059622,39.63999938964844,-0.025999959311005065,-0.0011777750651782123,1169.9999999999534,125.72177419378954,37.97999954223633,-0.00033340454101443733,0.0005666605631695325,810.0000000001482,485.7217741935947,87.0,177.84,1.18386313457161,87.0,224310.679346488,1,1,6922.69725520398,2203.33070800154,1,61302000241,61302000240241
34.0,0.0,0.0,1889.9999999994593,6.550403226142862,39.91999816894531,0.013666661579670602,0.0008777787949452202,2040.0000000018658,143.44959677626366,37.75,-0.001666641235341533,-1.1109246147980928e-05,2459.999999999621,563.449596774019,41.34000015258789,0.02533327738428746,-0.0002666685316210279,1800.0000000001962,96.55040322540594,38.7599983215332,0.0,7.778167724535037e-05,1380.000000000224,516.5504032253782,127.0,1143.55102040816,1.42185975940416,127.0,224125.451356258,1,1,6923.79917000976,2078.48582430485,1,61302000241,61302000240231
34.0,0.0,0.0,2460.0000000009295,8.443548387926512,38.38999938964844,-0.021999994914100807,-0.0019999991523486195,2250.0000000002174,201.55645161278562,37.060001373291016,0.00833333333373591,0.0002888870239526344,1319.9999999995152,1131.5564516134878,41.290000915527344,0.0,-0.008100001017240694,2550.000000000644,98.44354838764093,37.56999969482422,0.0,0.00012222290039044716,3150.000000000419,698.4435483874158,162.5,230.25,1.46152586354292,162.5,223917.111007919,1,2,6924.74366841472,2057.67834368874,1,61302000241,61302000240221
34.0,0.0,0.0,1230.000000002842,14.032258067504472,41.279998779296875,0.009999974568783765,5.5554707846534815e-05,1050.0000000007244,165.96774193461306,35.470001220703125,0.0006666819254607038,2.2222730848855944e-05,359.9999999995345,855.9677419358029,44.40999984741211,0.007333374023499861,-0.0023888863457184138,1380.0000000005452,164.03225806520777,37.029998779296875,-0.00100008646647951,4.444122314531033e-05,2069.999999999911,854.0322580645734,80.0,65.5555555555556,1.46152586354292,80.0,223728.989725085,1,1,6925.68816681968,2057.67834368874,1,61302000241,61302000240211
34.0,0.0,0.0,1950.0000000008138,12.967741936338598,37.810001373291016,0.00733337402380222,6.66681925653118e-05,1709.9999999997688,227.0322580647064,35.119998931884766,0.0006666819254349619,0.00015555911593484467,1230.0000000010925,707.0322580633826,,,,,,,,,,,129.0,288.555555555556,1.46152586354292,129.0,223538.19369593,1,1,6926.63266522463,2057.67834368874,1,61302000241,61302000240201
34.0,0.0,0.0,1889.999999999471,8.383064515540582,37.04999923706055,0.001999918619748528,5.5550469289492115e-05,1650.000000000116,231.61693548381436,34.650001525878906,0.0,-2.2222730848737874e-05,959.9999999999379,921.6169354839924,,,,,,,,,,,127.0,374.16,1.46152586354291,127.0,223338.978131354,1,1,6927.41974722876,2057.67834368874,1,61302000241,61302000240191
33.5,0.0,0.0,1050.000000000298,9.314516128872583,39.83000183105469,-0.006999969482457474,-0.007499999999870855,1170.0000000008565,110.68548387168585,37.16999816894531,0.0003332773844300054,0.00018888685437725794,1920.000000001083,860.6854838719123,37.43000030517578,0.014666620890140631,0.0003999964396058066,930.000000001065,129.31451612810565,34.15999984741211,0.0,0.0,0.0,1059.3145161291707,71.0,131.555555555556,1.46152586354292,71.0,223134.860936452,1,1,6928.36424563372,2057.67834368874,1,61302000241,61302000240181
33.5,0.0,0.0035222201877548676,1769.9999999998797,7.082661290546412,36.66999816894531,-0.0053334554036381125,-0.00020000457763633592,1710.0000000002021,67.082661290224,35.150001525878906,0.0010000864664699027,2.2226969400923683e-05,780.0000000000825,997.0826612903436,33.5,0.0,0.0,1799.9999999999793,22.917338709553178,37.72999954223633,-0.0006666819254638643,-7.5523716332641e-16,2279.9999999999,502.9173387094738,120.0,216.69387755102,1.46152586354292,120.0,222933.928556723,1,1,6929.4661604395,2057.67834368874,1,61302000241,61302000240171
33.5,0.0,0.004433335198323087,1889.9999999999302,8.383064516215882,37.4900016784668,-0.011999893188396437,-0.0008111063639214598,1830.0000000001105,68.38306451603557,35.650001525878906,0.0,-1.1113484700587713e-05,1019.9999999997679,878.3830645163782,37.88999938964844,0.001999918619793819,0.00016665988498338412,2069.999999999677,171.61693548353105,36.7599983215332,0.0019999186197786007,7.777320014017028e-05,2730.000000000005,831.6169354838589,127.0,198.408163265306,1.16952462848842,127.0,222539.173624052,1,1,6931.51257365024,2798.81285101715,1,61302000241,61302000240151
33.5,0.0,0.0,1980.00000000019,2.0866935485255453,37.529998779296875,0.006333287556902929,0.000144441392683233,1800.0000000003984,177.91330645126618,35.66999816894531,0.0009999593099129084,1.1109246148898178e-05,989.9999999998214,987.9133064518431,36.83000183105469,0.003666687011692238,0.00040000067816431314,2100.000000000426,122.08669354876156,36.65999984741211,0.0,2.2222730848449185e-05,2670.000000000378,692.0866935487134,129.5,175.138888888889,1.16952462848842,129.5,222326.20196778,1,1,6932.4570720552,2798.81285101715,1,61302000241,61302000240141
33.5,0.0,0.0036777793036615342,1169.9999999999534,10.379032258128518,36.970001220703125,0.0010000864664762583,4.444970024982035e-05,960.0000000001236,220.37903225795833,35.650001525878906,0.0,-1.1113484700488352e-05,240.00000000004528,940.3790322580367,36.880001068115234,-0.006000010172663648,-0.0004555553860237249,1409.9999999994386,229.6209677413567,36.38999938964844,0.0,6.666819254433092e-05,1650.0000000004961,469.6209677424142,78.0,221.265306122449,1.16952462848842,78.0,222144.418697003,1,1,6933.55898686098,2798.81285101715,1,61302000241,61302000240131
33.0,0.0,0.0,990.0000000008952,6.3750000008180905,36.880001068115234,0.0010000864664477243,-6.66639539927721e-05,570.0000000008855,413.6249999991916,35.65999984741211,0.0,0.0,30.000000001062183,953.6249999990149,37.91999816894531,0.16399993896808418,0.005466664632377488,1050.0000000002394,66.37500000016234,36.08000183105469,0.0016667683918827933,0.00021111382378070966,1620.0000000007717,636.3750000006946,63.0,105.84,1.16952462848842,63.0,221920.352917416,1,1,6934.34606886511,2798.81285101715,1,61302000241,61302000240121
33.0,0.0,0.0,1319.9999999990177,2.310483871420729,37.0,0.0009999593099161749,-3.333621554800611e-05,899.999999998791,422.3104838716474,35.34000015258789,0.003333282470795417,0.00011110941569625695,89.99999999830412,1232.3104838721345,37.91999816894531,0.005333328246908827,-0.0003777779473360043,1709.9999999993527,387.6895161289142,36.0099983215332,-0.0013333638509451103,-4.444546169929208e-05,2159.999999998675,837.6895161282364,84.0,294.16,1.16952462848842,84.0,221731.691698755,1,1,6935.13315086924,2798.81285101715,1,61302000241,61302000240111
33.0,0.0,0.0,1319.9999999996705,10.052419356313294,36.939998626708984,0.0019999186197725604,3.33277384414236e-05,900.0000000002641,430.05241935571973,35.63999938964844,-0.00033340454101425795,-2.2226969401753688e-05,389.9999999999976,940.0524193559862,,,,,,,,,,,87.0,256.0,1.16952462848842,87.0,221531.582201899,1,1,6935.92023287337,2798.81285101715,1,61302000241,61302000240101
33.0,0.0,0.0,1229.9999999998608,12.580645162132669,36.90999984741211,0.001333363850894405,5.55589463964256e-05,870.0000000009811,372.5806451610124,35.68000030517578,0.0006666819254436806,2.222273084772107e-05,330.0000000010587,912.5806451609349,,,,,,,,,,,80.0,90.9795918367347,1.16952462848842,80.0,221354.56214677,1,1,6937.02214767915,2798.81285101715,1,61302000241,61302000240091
33.0,0.0,0.0,1979.9999999998565,2.0866935483475118,36.91999816894531,-0.0016667683919634527,-7.778167724948819e-05,1650.0000000004734,327.9133064510356,34.90999984741211,0.00300000508624179,8.889092339255094e-05,300.0000000000024,1677.9133064515067,37.13999938964844,0.0016666412353368088,0.000155554877387347,2250.000000000513,272.08669354900394,35.900001525878906,-0.0006665547688743077,4.444970024873959e-05,2940.0000000004106,962.0866935489016,130.0,325.25,1.16952462848842,130.0,221134.129855642,1,1,6937.96664608411,2798.81285101715,1,61302000241,61302000240081
33.0,0.0,0.0,2310.0000000006326,9.774193549114898,36.88999938964844,0.0,-3.3331976997966995e-05,2039.9999999998067,260.2258064517109,34.77000045776367,0.0016666412352845325,5.555470784058342e-05,570.0000000010044,1730.2258064505131,37.0099983215332,-0.023666763305417605,-0.0015777842203694129,2430.0000000009113,129.77419354939366,35.93000030517578,-0.0006666819254701197,-2.2222730849483676e-05,3149.9999999997044,849.7741935481868,152.0,149.102040816327,1.04643513298707,152.0,220952.941610373,1,1,6939.06856088989,1533.15422679926,1,61302000241,61302000240071
32.5,0.0,0.0,1800.000000001916,6.1391129039514,38.84000015258789,0.0013333638508678015,-0.006955553690753778,1920.000000000663,126.13911290269834,35.959999084472656,0.0,7.777743869734909e-05,2580.000000000176,786.1391129022113,36.9900016784668,0.0030000050860661833,0.00010000016952897818,1590.0000000018797,203.86088709608498,35.58000183105469,0.0,-2.222273084829684e-05,960.0000000007586,833.860887097206,115.5,409.583333333333,1.02592021707018,115.5,220737.131341995,1,1,6940.01305929485,1322.21112276295,1,61302000241,61302000240061
32.5,0.0,0.0,960.0000000009221,8.104838709603428,39.0099983215332,0.21699994405859496,0.007233331468869438,1050.0000000011394,98.10483870982068,36.029998779296875,-0.001666768391944289,9.99959309908296e-05,1680.0000000003674,728.1048387090487,36.689998626708984,-0.0013333638509228829,-0.00028889126246971257,750.0000000008498,201.89516129046888,35.779998779296875,-0.002333323160895992,-0.00018888685439418502,120.00000000001285,831.8951612913058,60.5,417.888888888889,1.02592021707018,60.5,220550.726950509,1,1,6940.9575576998,1322.21112276295,1,61302000241,61302000240051
32.5,0.0,0.0,1950.0000000004745,12.58064516125637,38.56999969482422,0.20233332316114774,0.00674444410538294,2040.0000000001355,77.41935483840462,36.290000915527344,-0.003333282470729601,-4.444122314579406e-05,2670.0000000010286,707.4193548392977,36.439998626708984,0.0,-8.888668484066432e-05,1770.0000000008395,192.58064516089144,35.70000076293945,-0.0030000050863528563,-0.00010000016954808972,1409.9999999999648,552.5806451617661,129.0,246.96,1.04692219644519,129.0,220340.054083556,1,1,6941.74463970393,1294.46159322264,1,61302000241,61302000240041
32.5,0.0,0.0,1860.000000000478,4.850806451205472,37.790000915527344,-0.0073332468666078695,-0.006366661919219737,1980.0000000010184,115.149193549335,36.790000915527344,-0.009666697184649508,-0.0006444464789782897,2609.999999999795,745.1491935481115,32.5,-0.12766672769458526,-0.004388893974667145,1800.0000000014804,64.85080645020298,35.79999923706055,0.00033327738443520637,-4.238553215253729e-09,1440.0000000001714,424.85080645151197,127.0,16.0,1.0784251655077,127.0,220170.474785642,1,1,6942.53172170806,1252.83729891217,1,61302000241,61302000240031
32.5,0.0,0.0,1140.000000000659,6.774193548361154,36.689998626708984,0.010666656494225551,0.0003444459703288456,989.9999999999878,156.77419354903225,35.939998626708984,-0.0013333638508379593,1.110924615028349e-05,570.0000000013031,576.774193547717,37.86000061035156,0.009666697184003677,0.00044444613984718996,1410.000000000511,263.2258064514908,37.47999954223633,0.0,-1.110924614851565e-05,1649.9999999995875,503.22580645056746,80.0,191.387755102041,1.0784251655077,80.0,219966.357597142,1,1,6943.63363651384,1252.83729891217,1,61302000241,61302000240021
32.0,0.0,0.0,1649.9999999999632,9.405241935203776,36.29999923706055,0.00033327738444027593,1.1109246148014923e-05,1469.999999999025,170.59475806573437,36.0099983215332,0.0003332773844417435,3.333197699614071e-05,1259.9999999997026,380.5947580650568,,,,,,,,,,,108.0,10.8888888888889,1.44820489495827,108.0,219357.151394601,1,1,6946.46713172871,2277.53575967656,1,61302000231,61302000230981
32.0,0.0,0.0,1319.9999999993574,1.391129031818764,36.25,-0.0013333638509332262,-0.00012222290039105402,1139.999999999648,178.60887096789065,35.9900016784668,-0.0006665547688822846,5.556318495171782e-05,899.999999999346,418.6088709681927,,,,,,,,,,,86.5,398.138888888889,1.44820489495827,86.5,219160.246785425,1,1,6947.41163013367,2277.53575967656,1,61302000231,61302000230971
32.0,0.0,0.0,1020.0000000000102,2.8306451612290857,36.11000061035156,0.00433336893710945,0.00027777777777193377,870.0000000005283,152.83064516071101,35.630001068115234,-0.0009999593098995252,-1.110924614835598e-05,210.0000000000529,812.8306451611865,35.59000015258789,0.0020000457763359757,0.00013333638508870632,1170.0000000005161,147.16935483927682,34.779998779296875,0.0,8.889092339572963e-05,1649.9999999998035,627.1693548385642,67.0,88.8571428571429,1.44820489495827,67.0,218958.286720231,1,1,6948.51354493945,2277.53575967656,1,61302000231,61302000230961
32.0,0.0,0.0,1919.9999999998527,11.733870968044357,35.65999984741211,0.0,0.0,2159.9999999998968,251.73387096808847,34.0099983215332,-0.001000086466479419,1.1109246147025209e-05,2909.999999999989,1001.7338709681808,36.099998474121094,-0.0003334045410110235,-2.2226969400666755e-05,1440.0000000001157,468.26612903169257,35.65999984741211,-0.00033327738444279177,4.2385523583191005e-09,1139.9999999996849,768.2661290321234,125.5,151.472222222222,1.44820489495827,125.5,218741.881343112,1,1,6949.45804334441,2277.53575967656,1,61302000231,61302000230951
32.0,0.0,0.0,1709.9999999985876,8.074596773087706,35.38999938964844,-0.0056667327880498605,-0.00034445020887481176,1829.9999999995428,128.0745967740429,34.31999969482422,-0.0006666819254657541,3.333197699665693e-05,2789.9999999997453,1088.0745967742455,,,,,,,,,,,111.5,228.916666666667,1.44820489495827,111.5,218553.165142864,1,1,6950.40254174936,2277.53575967656,1,61302000231,61302000230941
31.5,0.0,0.0,1259.999999999583,5.588709677630277,36.220001220703125,-0.0003332773844453531,-7.777743869139381e-05,869.9999999998953,395.588709677318,35.849998474121094,-0.0006666819254326085,-2.2222730846982927e-05,539.9999999999818,725.5887096772315,,,,,,,,,,,84.0,98.64,1.44820489495827,84.0,218353.949632957,1,1,6951.1896237535,2277.53575967656,1,61302000231,61302000230931
31.5,-0.13433329264248492,-0.00454444037538337,1409.999999998713,12.731854840041706,35.06999969482422,-0.0023333231607943644,-0.00412222120489948,1559.9999999991855,137.26814516043078,34.959999084472656,0.0,0.0,1829.999999998789,407.26814516003424,,,,,,,,,,,97.5,962.472222222222,1.44820489495827,97.5,218153.840135052,1,1,6952.13412215845,2277.53575967656,1,61302000231,61302000230921
31.5,0.0,0.0,1829.9999999995296,1.9354838712124547,37.349998474121094,0.028000005087202712,0.0009111150106403676,1649.9999999979837,181.93548387275837,35.630001068115234,0.0,5.555470784453292e-05,1170.0000000002383,661.9354838705037,35.59000015258789,0.008666610717605086,4.4441223136181336e-05,2009.9999999994857,178.06451612874366,35.029998779296875,-0.001333363850887164,-2.2222730847139143e-05,2280.0000000001605,448.0645161294185,121.0,194.489795918367,1.79696790576527,121.0,217957.299319021,1,1,6953.23603696423,3325.95007006199,1,61302000231,61302000230911
31.5,0.0,0.0,1289.9999999999482,3.68951612881483,36.38999938964844,0.0016666412353156127,-0.005322223239410419,1410.0000000009834,123.68951612985006,34.97999954223633,-0.0009999593098795312,4.23855421408624e-09,1890.00000000007,603.6895161289367,,,,,,,,,,,85.5,473.0,2.05854016387053,85.5,217565.207817613,1,1,6954.96761737332,4112.26080285107,1,61302000231,61302000230891
31.5,0.0,0.0,1350.0000000006191,2.5403225809156993,36.130001068115234,0.01533342997218,-0.004122216966402849,1470.0000000007276,122.54032258102416,34.970001220703125,-0.0009999593098963184,-2.222273084862223e-05,2040.000000000396,692.5403225806926,,,,,,,,,,,94.0,181.84,2.05854016387053,94.0,217337.553317031,1,1,6955.75469937745,4112.26080285107,1,61302000231,61302000230881
31.0,0.0,0.0,1080.0000000001817,14.879032258039615,36.0,0.0,-0.0004111099243146801,1290.00000000023,224.87903225808805,35.02000045776367,-0.0006666819254506966,1.110924614835237e-05,1740.0000000002353,674.8790322580933,,,,,,,,,,,75.0,65.6734693877551,2.05854016387053,75.0,217172.365094523,1,1,6956.85661418323,4112.26080285107,1,61302000231,61302000230871
31.0,0.0,0.0,1170.0000000000111,10.59677419381319,35.52000045776367,-0.0013333638509181078,-0.00015555911593834242,1469.9999999996694,310.59677419347145,35.029998779296875,-0.00033340454101605203,-1.1113484700549303e-05,1919.9999999996874,760.5967741934894,,,,,,,,,,,84.5,247.916666666667,2.05854016387053,84.5,216953.284998263,1,1,6957.80111258819,4112.26080285107,1,61302000231,61302000230861
31.0,0.0,0.004088889228032033,1799.9999999995416,8.467741936094399,35.40999984741211,0.0,-0.0003000005086218683,1980.000000000304,171.53225806466799,34.9900016784668,-0.00033327738444163487,-1.110924614810552e-05,2309.999999999729,501.53225806409296,,,,,,,,,,,125.0,93.4722222222222,2.05854016387053,125.0,216758.096615594,1,1,6958.74561099315,4112.26080285107,1,61302000231,61302000230851
31.0,0.0,0.0,1919.999999999948,1.8991935483857105,35.04999923706055,0.00233332316074987,6.666819254188694e-05,2070.0000000002656,148.10080645193193,34.939998626708984,0.0,1.1113484699973673e-05,2310.0000000009686,388.10080645263497,36.36000061035156,0.0013333638509504563,4.4445461699648476e-05,1830.0000000002278,91.89919354810581,33.900001525878906,0.0,0.00024444156223586905,1499.9999999996617,421.899193548672,127.0,429.84,2.05854016387053,127.0,216364.878485923,1,1,6960.31977500141,4112.26080285107,1,61302000231,61302000230831
30.5,0.0,0.0,1320.0000000002735,8.153225805903958,35.939998626708984,0.0026666005451299124,-0.005866669548787748,1440.0000000007371,111.84677419455966,34.90999984741211,0.0006666819254683967,7.777743869784702e-05,1829.9999999989082,501.84677419273066,,,,,,,,,,,87.5,966.25,2.05854016387053,87.5,216168.202043163,1,1,6961.26427340636,4112.26080285107,1,61302000231,61302000230821
30.5,0.0,0.0,1859.9999999999966,2.467741935332697,35.869998931884766,0.02366663614853123,0.001022220187676337,1710.0000000004409,152.4677419348884,33.220001220703125,0.0003334045410184425,5.55589463985489e-05,1139.9999999987026,722.4677419366267,,,,,,,,,,,123.0,24.0,2.05854016387053,123.0,215968.986474624,1,1,6962.36618821215,4112.26080285107,1,61302000231,61302000230811
30.5,0.0,0.0,1590.0000000008138,13.475806452304141,35.599998474121094,0.1699999491392857,0.005666664971373388,1680.0000000005352,103.47580645202561,33.5,0.0,0.0,2310.000000000895,733.4758064523853,39.83000183105469,-0.08833325704872202,-0.003211106195011478,1320.0000000000086,256.524193548501,32.349998474121094,-0.0003334045410106419,6.66639539931894e-05,330.0000000009321,1246.5241935475774,107.0,172.571428571429,2.05854016387053,107.0,215753.110723004,1,1,6963.46810301793,4112.26080285107,1,61302000231,61302000230801
30.5,0.0,0.0,1650.000000001164,8.443548388190266,36.13999938964844,0.0,-0.006266665988818718,1709.9999999996298,68.44354838665618,34.83000183105469,0.0013333638508832633,8.88909233931055e-05,2130.0000000000864,488.44354838711274,34.66999816894531,0.00399996439632429,5.5554707852094455e-05,1409.9999999989066,231.5564516140671,32.810001373291016,0.0016667683918920404,8.889516194390937e-05,389.9999999998149,1251.5564516131587,108.5,196.0,2.05854016387053,108.5,215540.140107074,1,1,6964.41260142288,4112.26080285107,1,61302000231,61302000230791
30.5,0.0,0.0,2820.0000000011855,5.250000001222816,34.38999938964844,-0.0009999593099022754,-6.666395399484719e-05,2640.0000000001373,174.74999999982538,31.079999923706055,0.00033334096271915977,1.111136542368183e-05,540.000000001251,2274.7499999987117,,,,,,,,,,,187.0,1455.26530612245,2.05854016387053,536.0,215358.357738021,2,2,6965.51451622867,4112.26080285107,1,61302000231,61302000230781
30.5,0.0,-0.0005555555555384183,2190.000000001185,10.838709678780106,35.040000915527344,0.16800003051738968,0.005600001017240041,2280.0000000012606,100.8387096788556,34.22999954223633,-0.0009999593098652603,8.88909233992572e-05,2550.000000000654,370.83870967824896,34.81999969482422,0.0013333638509099627,-0.0008111106025096401,1859.9999999999573,319.1612903224477,33.060001373291016,0.0023333231609480604,0.00036666446262833934,1529.999999999639,649.161290322766,145.0,881.0,2.05854016387053,536.0,215141.953346064,2,2,6966.45901463362,4112.26080285107,1,61302000231,61302000230771
30.0,0.0,0.0,2460.0000000003274,10.911290322960213,34.2599983215332,-0.017333348592306053,-0.0011777750651304985,2279.999999999804,190.91129032348363,33.36000061035156,-0.0013333638508921059,2.221849229505782e-05,1800.0000000011592,670.9112903221285,35.77000045776367,0.19233334858779588,0.006411111619448979,2610.0000000002783,139.08870967699067,34.439998626708984,-0.0036666870116571666,-8.888668483661576e-05,2880.000000000499,409.0887096772112,165.0,406.666666666667,2.05854016387053,165.0,214955.548953998,1,2,6967.40351303858,4112.26080285107,1,61302000231,61302000230761
30.0,0.0,0.0,1680.000000000617,9.701612903396153,35.95000076293945,0.001333363850900918,-0.0065222210355083,1800.0000000006612,129.70161290344026,34.61000061035156,0.0,7.777743869452546e-05,2130.0000000006207,459.7016129033998,30.0,-0.1463333129915375,-0.005011109246370449,1589.9999999999056,80.2983870973153,33.709999084472656,-0.0006666819254303537,-5.555470784549103e-05,1020.0000000008914,650.2983870963295,108.0,115.805555555556,2.05854016387053,108.0,214770.267327314,1,1,6968.34801144353,4112.26080285107,1,61302000231,61302000230751
28.5,0.0,0.0,1859.9999999994964,0.5322580650256441,34.400001525878906,-0.004666646321356247,-0.0003222232394468857,1680.0000000008451,180.53225806367686,33.45000076293945,0.0,0.0,1350.0000000003315,510.5322580641905,35.22999954223633,0.0,-0.007477777269169102,1979.9999999999627,119.4677419354407,33.959999084472656,-0.004333368937173888,-0.00014444563123910988,2369.9999999990137,509.46774193449164,169.0,123.805555555556,2.05854016387053,169.0,214369.416441838,1,1,6970.07959185262,4112.26080285107,1,61302000231,61302000230731
30.0,0.0,0.0,2159.9999999993215,0.9193548391813238,35.52000045776367,0.014666620890227447,0.0004888873630051805,2339.999999998731,179.08064516022796,34.34000015258789,-0.001333363850855129,-1.1113484698337387e-05,2730.0000000002024,569.0806451616995,,,,,,,,,,,148.0,246.96,2.05854016387053,536.0,214156.86289631,2,2,6970.86667385675,4112.26080285107,1,61302000231,61302000230721
29.5,0.0,0.0,2790.000000000049,11.461693548100811,35.400001525878906,-0.0003332773844348502,3.333621554811669e-05,2970.000000000027,168.5383064518769,34.290000915527344,-0.0003332773844464544,4.2385522262538394e-09,3389.999999999192,588.538306451042,,,,,,,,,,,191.0,58.2222222222222,2.05854016387053,191.0,213962.861041322,1,1,6971.81117226171,4112.26080285107,1,61302000231,61302000230711
29.5,0.0,0.0,1380.000000000987,12.241935484618125,35.25,0.000999959309886011,-0.006322224934889937,1500.0000000001176,132.24193548374865,34.38999938964844,0.0006666819254595289,5.555894639778865e-05,1860.000000000023,492.24193548365406,,,,,,,,,,,92.5,573.138888888889,2.18048972914228,92.5,213770.500214817,1,1,6972.75567066666,3596.66272825526,1,61302000231,61302000230701
29.5,0.0,0.0,2130.000000000828,5.4858870960883905,34.66999816894531,0.17233327230216863,0.005744442410205339,2249.999999999656,114.51411290273973,34.40999984741211,0.0,1.110924614809929e-05,2519.9999999996808,384.5141129027643,,,,,,,,,,,143.0,513.555555555556,2.79023755550101,143.0,213559.827009674,1,1,6973.70016907162,1018.67235527623,1,61302000231,61302000230691
29.5,0.0,0.0,2220.000000001049,8.421920938417315e-10,34.36000061035156,-0.0019999186197483462,-0.005533328586151626,2340.000000001049,120.00000000084219,33.83000183105469,-0.0006665547688773591,-4.4436984592305215e-05,2910.0000000009227,690.0000000007158,,,,,,,,,,,148.0,69.6666666666667,2.79023755550101,148.0,213365.002365909,1,1,6974.64466747658,1018.67235527623,1,61302000231,61302000230681
29.5,0.0,0.0,1860.0000000005055,3.302419354842641,34.959999084472656,-0.010333379109489218,-0.000588891771094423,2010.0000000010477,146.69758064569965,34.47999954223633,0.0003332773844327688,7.77732001397141e-05,2550.0000000007017,686.6975806453536,,,,,,,,,,,122.0,973.916666666667,2.79023755550101,122.0,213153.657739231,1,1,6975.58916588153,1018.67235527623,1,61302000231,61302000230671
29.5,0.0,0.0,1079.999999999852,2.1774193542648845,35.900001525878906,0.01466674804730108,-0.0006444422403808415,929.9999999997652,147.82258064582186,34.310001373291016,0.0036666870116155927,0.00026666853162397,720.0000000005058,357.8225806450813,,,,,,,,,,,67.0,202.204081632653,2.79023755550101,67.0,212968.970234918,1,1,6976.69108068731,1018.67235527623,1,61302000231,61302000230661
29.0,0.0,0.0,1499.9999999999557,2.6008064517707226,33.90999984741211,-0.005000050862673334,-0.005788892110146169,1619.9999999994939,117.39919354776748,33.439998626708984,0.0,0.00013333638508914992,1950.0000000003654,447.399193548639,,,,,,,,,,,98.5,191.138888888889,1.88710086344718,98.5,211948.1383435,1,1,6981.4135727121,2759.24334710286,1,61302000231,61302000230611
28.5,0.0,0.007477777269294637,1919.9999999994777,8.516129032736217,34.560001373291016,0.0036666870117407044,0.0001444456312406429,2069.999999999847,141.48387096763327,33.25,-0.0009999593099018207,-3.333197699692693e-05,2549.9999999999322,621.4838709677183,28.5,-0.22433331807588747,-0.007477777269241022,1889.9999999998724,38.516129032341496,34.68000030517578,0.012000020345378956,0.0002777777777981066,1559.9999999993122,368.51612903290174,129.0,0.0,1.88710086344718,129.0,211750.638983841,1,1,6982.35807111705,2759.24334710286,1,61302000231,61302000230601
28.5,0.0,0.0,2280.000000000097,5.092741935113281,34.060001373291016,0.002333323160806266,0.0001555548773879816,2609.999999999976,324.90725806476576,33.38999938964844,0.0006666819254538798,4.444546169688389e-05,2880.00000000016,594.9072580649499,34.54999923706055,-0.007333374023525317,-0.0006444464789529,2189.9999999998877,95.09274193532246,34.150001525878906,0.001000086466474606,4.444970024976212e-05,1799.9999999999652,485.09274193524493,151.0,38.8888888888889,1.88710086344718,151.0,211540.723914398,1,1,6983.30256952201,2759.24334710286,1,61302000231,61302000230591
28.5,0.0,0.0,1979.999999999575,14.999999999771944,34.41999816894531,0.021666590372882613,-0.005133336385167602,2069.999999999702,104.99999999989905,33.45000076293945,0.0,0.0,2519.9999999998363,555.0000000000332,34.13999938964844,-0.0006666819254506915,-0.00017777760823712384,1859.9999999998902,104.99999999991292,33.65999984741211,-0.0039999643962161215,-0.00015555487739120656,1469.9999999995807,495.00000000022237,131.5,1290.88888888889,1.88710086344718,131.5,211349.927104773,1,1,6984.24706792697,2759.24334710286,1,61302000231,61302000230581
28.5,0.0,0.0,1110.000000000187,4.717741935216509,34.58000183105469,0.01400006612134648,0.0005222235785542934,1260.0000000000987,145.28225806469527,33.529998779296875,-0.00033340454101389155,3.3331976997069804e-05,1620.0000000003506,505.2822580649472,34.25,0.01833330790220748,0.0005222193400186191,900.0000000000972,214.7177419353062,33.27000045776367,0.0023333231608223233,7.77774386945785e-05,329.99999999998846,784.717741935415,77.0,829.061224489796,1.88710086344718,77.0,211166.426959763,1,1,6985.34898273275,2759.24334710286,1,61302000231,61302000230571
28.5,0.0,0.0,2069.999999999769,11.370967741914228,28.5,0.0,0.0,2189.9999999993915,108.62903225770833,33.560001373291016,0.0003334045410108997,-1.1109246148245397e-05,2669.9999999994284,588.6290322577452,,,,,,,,,,,140.0,405.888888888889,1.88710086344718,140.0,210953.455292696,1,1,6986.2934811377,2759.24334710286,1,61302000231,61302000230561
28.0,0.0,0.0,2520.000000000037,7.487903225714035,33.43000030517578,-0.026333363853104485,-0.0007777786256344557,2309.9999999992647,202.51209677505813,31.31999969482422,-0.0006666819254481549,-4.444546169660783e-05,1529.9999999998558,982.512096774467,33.95000076293945,-0.004666646321549363,-0.0006333329942449143,2759.9999999996126,247.48790322528976,33.22999954223633,0.0,4.44454616965979e-05,3390.000000000391,877.4879032260683,169.0,1020.47222222222,1.88710086344718,536.0,210756.550743641,2,2,6987.23797954266,2759.24334710286,1,61302000231,61302000230551
28.0,0.0,0.0,1379.9999999977879,7.076612903966634,35.650001525878906,0.021666717529151874,0.00074444664848301,1559.9999999976812,172.92338709592673,33.54999923706055,-0.0010000864665212063,2.2218492294902858e-05,1919.9999999971485,532.923387095394,34.150001525878906,-0.003666559855204699,-0.0015999942355386706,1229.9999999979511,157.07661290380338,30.93000030517578,0.0010000228881502373,0.00011111153496065023,809.9999999987375,577.076612903017,96.0,261.36,1.88710086344718,96.0,210537.381535483,1,2,6988.02506154679,2759.24334710286,1,61302000231,61302000230541
28.0,0.0,0.0,1109.9999999992651,0.42943548272228327,35.56999969482422,0.25233332316402024,0.008411110772241106,1199.9999999990305,90.42943548248763,33.54999923706055,-0.001000086466485892,-4.238551564824386e-09,1649.99999999866,540.4294354821172,33.810001373291016,0.011666742960035855,-0.0007666651407843443,870.0000000006205,239.57056451592234,30.989999771118164,-0.0006666819254234073,3.33319769933459e-05,360.0000000017415,749.5705645148014,73.5,53.1388888888889,1.88710086344718,73.5,210354.828289653,1,1,6988.96955995175,2759.24334710286,1,61302000231,61302000230531
28.0,0.0,0.0,1679.999999999725,6.743951613178751,32.72999954223633,0.0036666870118157936,3.333621555415858e-05,1530.0000000003495,156.74395161255438,30.229999542236328,-0.0006666819254342621,3.333197699580016e-05,660.0000000007385,1026.7439516121653,35.189998626708984,-0.0030000050863287545,-0.008188887702209654,1800.0000000004788,113.25604838757499,33.5,0.0,-2.2222730848897204e-05,2340.0000000005084,653.2560483876046,115.0,122.0,1.88710086344718,115.0,210168.423896893,1,1,6990.07147475753,2759.24334710286,1,61302000231,61302000230521
28.0,0.0,0.0,1950.0000000000457,4.451612903073055,32.779998779296875,0.0,0.00011111365424351588,1769.9999999998502,175.5483870971225,30.31999969482422,0.003000005086355187,0.0001000001695482451,930.0000000001743,1015.5483870967984,,,,,,,,,,,129.0,105.84,1.88710086344718,129.0,209939.572066601,1,1,6990.85855676166,2759.24334710286,1,61302000231,61302000230511
28.0,0.0,0.005488887362977617,1889.999999999435,10.34879032238291,34.5,0.21666666665544754,0.00722222222147428,1980.0000000009582,100.34879032390609,33.279998779296875,-0.0006666819254545266,-5.5554707845608025e-05,2549.999999999389,670.3487903223368,32.959999084472656,-0.002000045776422774,-3.3336215552563965e-05,1799.999999999135,79.651209677917,30.09000015258789,0.001333363850945449,4.444546169931466e-05,989.9999999997293,889.6512096773228,127.0,15.5555555555556,1.88710086344718,127.0,209763.884953207,1,1,6991.80305516662,2759.24334710286,1,61302000231,61302000230501
27.5,0.0,0.0,1890.0000000000705,8.383064516049217,32.9900016784668,0.0030000050861975825,0.00010000016953773814,1800.000000000385,98.38306451573476,29.719999313354492,0.0006666183471992745,2.2220611574352678e-05,390.0000000000388,1508.3830645160808,34.41999816894531,-0.0003334045410165246,-0.007711113823996743,2010.0000000001753,111.6169354840556,33.70000076293945,0.0003334045410149377,0.0002777820163238828,2310.000000001122,411.61693548500216,127.0,468.64,1.00036623905615,127.0,209532.797383156,1,1,6992.59013717075,363.852063584051,1,61302000231,61302000230491
27.5,0.0,0.0,2339.9999999999413,9.508064516566265,32.72999954223633,0.0,-0.0001555548773745661,2220.000000001786,110.49193548158928,31.530000686645508,0.0,0.002955553266645421,1709.9999999997942,620.4919354835808,36.31999969482422,0.293999989817839,0.009799999660273466,2400.000000001064,69.50806451768904,33.40999984741211,0.004666646321743893,0.00014444139269497274,3119.9999999990996,789.5080645157245,154.5,63.1388888888889,1.03054305859416,154.5,209351.002458617,1,1,6993.5346355757,1406.88884738021,1,61302000231,61302000230481
27.5,0.0,0.0,2520.000000000624,0.9133064512925557,32.599998474121094,0.0,-0.00015555487738166585,2400.000000001109,120.91330645080734,31.469999313354492,0.0,0.0,1620.0000000002933,900.9133064516232,,,,,,,,,,,164.0,300.472222222222,1.03054305859416,164.0,209155.55725266,1,1,6994.47913398066,1406.88884738021,1,61302000231,61302000230471
27.5,0.0,0.0,1619.999999999928,3.084677419394211,34.720001220703125,0.24066670736239434,0.008022223578933929,1709.9999999998151,93.08467741928143,33.150001525878906,-0.0009999593098841619,-3.3331976995749686e-05,1920.0000000004193,303.08467741988557,33.2599983215332,0.02499999999932527,0.0009888924492274579,1410.0000000005587,206.91532257997505,31.809999465942383,-0.0016667048136465169,-0.00012222501966691762,960.0000000001636,656.9153225803701,105.0,1196.4,1.03054305859416,105.0,208942.409889225,1,1,6995.26621598479,1406.88884738021,1,61302000231,61302000230461
27.0,0.0,0.0,2160.000000000515,7.36693548374933,32.709999084472656,0.0,0.0,2040.000000000408,112.63306451635754,32.2599983215332,-0.00033340454101704007,2.2218492296456767e-05,1800.0000000002874,352.63306451647804,33.77000045776367,-0.0003332773844430848,-0.007544441223220439,2249.999999999851,97.3669354830854,32.349998474121094,-0.0003334045409896837,-1.1113484698791413e-05,2430.000000002071,277.3669354853055,138.0,458.96,1.82576520434603,138.0,208148.633047596,1,1,6998.88679320379,1453.23914907554,1,61302000231,61302000230421
27.0,0.0,0.0,1170.0000000000612,5.395161290404758,33.040000915527344,-0.000333277384439311,-0.0002111095852317677,1080.0000000010116,95.39516128945434,32.290000915527344,0.0,0.00013333214653818282,870.0000000001984,305.39516129026754,,,,,,,,,,,77.0,1417.55102040816,1.82576520434603,77.0,207960.73916854,1,1,6999.98870800957,1453.23914907554,1,61302000231,61302000230411
27.0,0.0,0.006422220865806758,810.0000000002483,10.77822580646091,32.779998779296875,0.00033327738444861285,-0.00031111399333590833,749.9999999998809,70.77822580682835,32.290000915527344,0.0,0.0,570.0000000003552,250.77822580635404,,,,,,,,,,,54.0,72.8055555555556,1.82576520434603,54.0,207742.175930749,1,1,7000.93320641453,1453.23914907554,1,61302000231,61302000230401
27.0,0.0,0.006200002034478142,1260.0000000000728,7.088709677363795,32.58000183105469,0.0003334045410154153,-0.0002111095852311645,1199.9999999999418,67.08870967749476,32.36000061035156,-0.0009999593098878642,1.111348470068645e-05,1049.9999999999852,217.08870967745133,,,,,,,,,,,84.0,120.666666666667,1.82576520434603,84.0,207548.110295488,1,1,7001.87770481948,1453.23914907554,1,61302000231,61302000230391
26.5,0.0,0.0,1829.9999999997033,1.1008064519573963,35.220001220703125,0.04666671752880383,-0.006577775743217412,1890.000000000028,58.89919354836729,32.31999969482422,0.0,-1.1109246147911864e-05,2219.9999999997654,388.8991935481047,,,,,,,,,,,121.0,137.265306122449,2.14840149152488,121.0,207365.138787885,1,1,7002.97961962527,2008.16992774039,1,61302000231,61302000230381
26.5,0.0,0.0,1379.9999999998518,3.163306451886001,33.56999969482422,-0.0013333638509024845,-0.000411114162864796,1260.000000000131,123.16330645160679,32.119998931884766,-0.0006666819254627022,-2.2222730848989172e-05,899.9999999998819,483.1633064518559,,,,,,,,,,,92.0,185.102040816327,2.39037870690901,92.0,207153.355350755,1,1,7004.08153443105,2424.36801173902,1,61302000231,61302000230371
26.5,0.0,0.0,1320.0000000010584,11.709677420250273,32.75,0.01066665649404717,0.0004000006781620151,1230.0000000004507,78.2903225803575,31.670000076293945,0.0,1.11113654244857e-05,839.999999999673,468.2903225811351,37.08000183105469,0.0,-0.003411115010612855,1440.000000000251,131.70967741944287,32.2599983215332,-0.0003334045410205904,0.0004444419013203992,1980.0000000001742,671.709677419366,89.0,292.222222222222,2.39037870690901,89.0,206940.977797879,1,1,7005.026032836,2424.36801173902,1,61302000231,61302000230361
26.5,0.0,0.0,1890.0000000004081,14.999999999369948,32.0099983215332,-0.00033340454102120443,1.1109246147833624e-05,1799.9999999992733,105.00000000050477,31.459999084472656,0.0,0.0,1410.0000000004488,494.99999999932925,34.43000030517578,0.025999959311106158,0.0006333287557759164,2159.999999999967,255.00000000018872,32.220001220703125,-0.0016666412353493394,-5.555470784490387e-05,2610.0000000002383,705.0000000004602,127.0,127.36,2.39037870690901,127.0,206746.747256171,1,1,7005.81311484013,2424.36801173902,1,61302000231,61302000230351
26.0,0.0,0.0,1680.0000000004466,14.903225806464889,32.72999954223633,0.01633326212535382,-4.4449700284578326e-05,1530.0000000005473,164.90322580636416,29.709999084472656,-0.002333386739053961,-0.00015555911594139176,960.0000000005231,734.9032258063884,34.08000183105469,0.014666748046616773,-0.00015555063884910557,2010.0000000008088,315.0967741938973,32.16999816894531,-0.0016667683918456533,-6.66724310922637e-05,2490.000000002008,795.0967741950967,112.5,156.472222222222,2.39037870690901,112.5,206143.528633077,1,1,7008.646610055,2424.36801173902,1,61302000231,61302000230321
26.0,0.0,0.0,1830.0000000027628,13.330645164203133,32.16999816894531,0.01933326721179801,9.999805026157551e-05,1620.0000000008476,196.66935483771204,28.170000076293945,-0.0003333409627247394,6.251871127216967e-17,300.0000000005035,1516.6693548380563,,,,,,,,,,,120.0,229.632653061224,2.39037870690901,120.0,205962.340387021,1,1,7009.74852486079,2424.36801173902,1,61302000231,61302000230311
26.0,0.0,0.0,1860.0000000000734,11.20161290368901,32.27000045776367,0.02733332316129226,0.001055554284020922,1710.0000000001908,161.2016129035717,29.489999771118164,0.0,5.555682712116971e-05,780.000000000198,1091.2016129035644,35.72999954223633,0.07633336384914055,0.002544445461578988,2040.0000000005646,168.79838709680212,32.130001068115234,0.0,3.3331976996443406e-05,2700.0000000002588,828.7983870964963,127.0,0.0,2.39037870690901,127.0,205539.738171134,1,1,7011.32268886905,2424.36801173902,1,61302000231,61302000230291
26.0,0.0,0.0,1920.000000000861,7.764811016386375e-10,33.880001068115234,-0.01599998474104371,-0.0010666656494077527,1830.0000000003097,89.9999999997749,30.780000686645508,0.0,0.0,1290.0000000009843,629.9999999991003,34.02000045776367,-0.022333272298947753,-0.01039999643959079,2040.000000000173,120.00000000008845,32.130001068115234,0.0003334045410210023,1.1113484700879319e-05,2730.0000000001846,810.0000000001,129.0,174.64,2.39037870690901,129.0,205339.62853397,1,1,7012.10977087318,2424.36801173902,1,61302000231,61302000230281
26.0,0.0,0.0,2340.0000000001296,1.673470251262188e-10,32.0099983215332,0.003999964396152609,0.00013333214653821212,2220.0000000000928,119.99999999986949,28.84000015258789,0.00033334096272991603,1.662587891444337e-16,570.0000000001859,1769.9999999997763,,,,,,,,,,,156.0,5.63265306122449,2.39037870690901,156.0,205157.833262764,1,1,7013.21168567896,2424.36801173902,1,61302000231,61302000230271
25.5,0.0,0.0,1949.9999999998859,10.747983871038286,31.440000534057617,-0.0016666412353716848,-0.0001555548773878197,1859.999999999581,100.7479838713432,30.360000610351562,-0.000999959309900176,-1.1109246148271762e-05,1319.9999999997224,640.7479838712018,,,,,,,,,,,129.0,133.222222222222,2.39037870690901,129.0,204940.833755179,1,1,7014.15618408391,2424.36801173902,1,61302000231,61302000230261
25.5,0.0,0.0,1349.9999999997103,8.685483870962116,31.790000915527344,0.0003333409627262401,-0.00012222290039026239,1259.999999999679,98.6854838709935,30.940000534057617,-0.0003333409627250148,-1.1111365424072165e-05,929.9999999998515,428.6854838708209,,,,,,,,,,,89.5,156.222222222222,2.39037870690901,89.5,204757.333610088,1,1,7015.10068248887,2424.36801173902,1,61302000231,61302000230251
25.5,0.0,0.0,1739.9999999998772,7.215725806370983,32.220001220703125,0.006333414713439519,0.0002111138237779124,1649.9999999999634,97.21572580628481,31.06999969482422,0.0009999593098621,2.2220611570425602e-05,1290.0000000001712,457.215725806077,,,,,,,,,,,117.0,106.472222222222,2.39037870690901,117.0,204566.53679878,1,1,7016.04518089383,2424.36801173902,1,61302000231,61302000230241
25.5,0.0,0.0,1469.999999999503,8.758064515870728,37.209999084472656,0.3903333028292336,0.013011110094757068,1589.9999999994116,128.75806451577932,32.15999984741211,-0.0013333638508991193,6.666395399363395e-05,2039.9999999997658,578.7580645161336,,,,,,,,,,,102.0,584.222222222222,1.36722827362523,102.0,204164.472491616,1,1,7017.93417770374,3996.04456813861,1,61302000231,61302000230221
25.5,0.0,0.0,989.9999999999101,7.288306451504127,31.489999771118164,0.0,-0.00021111170450725952,870.000000000107,112.71169354829897,31.18000030517578,-0.0036666870116402565,5.555470784814733e-05,720.000000000161,262.71169354824497,,,,,,,,,,,67.0,106.775510204082,1.36722827362523,67.0,203965.256266604,1,1,7019.03609250952,3996.04456813861,1,61302000231,61302000230211
25.5,0.0,0.0,1979.999999997359,2.2137096788469535,31.280000686645508,0.19266668955495686,0.006422222985168782,2039.9999999985403,57.78629032233425,30.989999771118164,0.00166664123537435,3.3331976998122056e-05,2759.999999998141,777.786290321935,31.530000686645508,-0.0009999593098761511,-6.666395399306744e-05,1859.999999998213,122.21370967799294,30.850000381469727,0.0,0.0004999987284286135,1619.9999999978631,362.21370967834287,127.0,0.0,1.36722827362523,127.0,203543.6219878,1,1,7020.76767291861,3996.04456813861,1,61302000231,61302000230191
25.0,0.0,0.007777777777913477,1799.9999999987856,13.862903225558284,30.850000381469727,0.0010000228881794479,3.333409627251007e-05,2009.9999999981123,223.86290322488503,30.350000381469727,-0.000666681925451515,3.333197699622682e-05,2459.999999998826,673.8629032255985,,,,,,,,,,,117.0,72.24,1.36722827362523,117.0,203348.100401996,1,1,7021.55475492274,3996.04456813861,1,61302000231,61302000230181
25.0,0.0,0.00661111195875357,1649.9999999995337,11.951612904065314,30.920000076293945,0.00033334096270143555,-0.006555555131400562,1770.0000000012199,108.04838709762089,30.239999771118164,0.0,-1.1111365424106187e-05,2430.0000000001824,768.0483870965834,25.0,-0.19833335876108135,-0.006611111958583809,1619.9999999997644,41.95161290383453,30.649999618530273,0.0003333409627394028,4.444546169926951e-05,1409.9999999989197,251.95161290467922,107.5,263.555555555555,1.36722827362523,107.5,203158.864723827,1,1,7022.4992533277,3996.04456813861,1,61302000231,61302000230171
25.0,0.0,0.0,2130.000000000215,0.48387096812621166,30.860000610351562,0.0013333638509224939,-0.006422220865988389,2189.999999999734,59.516129031392666,30.469999313354492,-0.001000022888193932,-2.222273084900096e-05,2700.0000000006353,569.516129032294,,,,,,,,,,,136.0,219.265306122449,1.36722827362523,136.0,202963.677060591,1,1,7023.60116813348,3996.04456813861,1,61302000231,61302000230161
25.0,0.0,0.0,1620.0000000008226,10.070564515762271,31.350000381469727,0.0,-0.0070555559793713425,1710.0000000001428,100.07056451508242,30.56999969482422,0.0,0.0,2340.0000000009804,730.0705645159201,,,,,,,,,,,106.0,207.34693877551,1.36722827362523,106.0,202750.112323291,1,1,7024.70308293926,3996.04456813861,1,61302000231,61302000230151
25.0,0.0,0.0,2160.0000000000996,11.104838710013155,31.760000228881836,0.001999982198026434,6.666607326578138e-05,2280.0000000015043,131.10483871141787,30.559999465942383,-0.00033334096272875387,1.1111365424377695e-05,3059.9999999994893,911.1048387094029,32.099998474121094,-0.021666717528731814,-0.0007777786254493801,1710.0000000018067,438.8951612882797,30.6200008392334,0.0006666819254780805,-2.2222730847365183e-05,959.9999999991521,1188.8951612909343,142.5,184.0,1.36722827362523,142.5,202536.018942672,1,1,7025.64758134422,3996.04456813861,1,61302000231,61302000230141
25.0,0.0,0.0,2280.000000000361,4.820564515920978,32.060001373291016,0.23533337911326419,0.007844445970560929,2369.999999999956,85.17943548367384,30.549999237060547,-0.0020000457763336265,-5.555682711840503e-05,2729.999999999294,445.17943548301173,31.809999465942383,0.0023333231608442346,0.0002000003390902816,1889.9999999987688,394.8205645175133,30.31999969482422,-0.0019999821980472314,-8.88866848393816e-05,1349.9999999994477,934.8205645168343,154.0,828.816326530612,1.36722827362523,154.0,202355.424820109,1,2,7026.74949615,3996.04456813861,1,61302000231,61302000230131
25.0,0.0,0.0,2850.0000000002524,7.524193548430048,25.0,-0.2930000305222993,-0.009677780999389643,2730.000000000243,127.5241935484396,30.149999618530273,0.0006666819254648749,2.1192762410568894e-09,1979.9999999999734,877.524193548709,33.83000183105469,0.0440001169820846,-0.006877772013219186,2970.000000001197,112.47580645251446,30.270000457763672,0.0,2.2222730847783556e-05,3270.0000000011846,412.4758064525022,189.0,163.222222222222,1.36722827362523,189.0,202141.265957925,1,2,7027.69399455495,3996.04456813861,1,61302000231,61302000230121
25.0,0.0,0.009422221713101319,2790.0000000007717,5.298387097406248,31.020000457763672,-0.004999987284357303,-0.007022221883612047,2999.999999999953,215.2983870965877,30.260000228881836,0.0006666819254558504,2.222273084853239e-05,3329.9999999987226,545.2983870953572,32.029998779296875,0.0,0.001600002712633375,2669.9999999995143,114.70161290385113,30.06999969482422,-0.00033334096270782996,2.222273084804824e-05,1950.0000000014434,834.7016129019221,189.0,395.551020408163,1.36722827362523,189.0,201955.984330078,1,2,7028.79590936074,3996.04456813861,1,61302000231,61302000230111
24.5,-0.016666666666919558,-0.0011111111111410908,2220.0000000002938,1.1823431123048067e-10,33.63999938964844,0.28799997964090823,0.009599999320895619,2310.0000000012496,90.00000000083764,30.3799991607666,0.0003332773844345117,3.332985771905083e-05,2700.0000000007813,480.00000000036925,32.130001068115234,-0.07066663106116358,-0.0035444429183988215,2070.00000000114,149.99999999927195,30.1299991607666,-0.0003333409627123649,2.222273085034511e-05,1350.0000000012653,869.9999999991467,148.5,421.138888888889,1.2467130835314,148.5,201740.702702335,1,1,7029.74040776569,3032.29839452376,1,61302000231,61302000230101
24.5,0.0,0.0,2040.000000000325,14.999999999469537,31.34000015258789,0.01633332570303586,0.00041110992426654616,1740.0000000020077,314.99999999778674,30.280000686645508,0.0,1.1111365424029048e-05,1380.000000000437,674.9999999993574,33.38999938964844,0.29633331299054066,0.009877777099760003,2159.999999999601,104.99999999980673,30.489999771118164,-0.00033334096271974464,2.2222730849467844e-05,2430.000000000803,375.00000000100863,137.0,187.333333333333,1.00568270334374,137.0,201548.553519117,1,1,7030.68490617065,1104.80604729404,1,61302000231,61302000230091
24.5,0.0,0.0,1439.9999999996608,1.2701612907537765,31.540000915527344,0.23466669717268943,0.007822223238704469,1530.0000000012817,88.72983871086717,30.520000457763672,-0.0013333002726422614,-4.444334242202749e-05,1800.0000000005025,358.72983871008796,31.700000762939453,0.017666689554519534,0.00041111204357171995,1170.0000000004404,271.2701612899741,29.729999542236328,0.0019999821981030357,2.2220611574146916e-05,360.0000000008203,1081.2701612895942,94.0,145.102040816327,1.00568270334374,94.0,201363.866014512,1,1,7031.78682097643,1104.80604729404,1,61302000231,61302000230081
24.5,0.0,0.0,2400.0000000007476,4.421370967963412,32.65999984741211,0.27199999490975,0.009066666496858769,2490.000000000204,94.42137096741999,30.510000228881836,0.0016667048136666336,8.889092339701038e-05,2820.000000000384,424.4213709675996,32.90999984741211,0.0439999898254604,0.0012555546229459662,2100.0000000010045,295.57862903177966,27.639999389648438,0.0,0.0,390.0000000010665,2005.5786290317178,159.0,116.888888888889,1.02636399051845,159.0,201143.598627367,1,1,7032.73131938139,1778.41951812838,1,61302000231,61302000230071
24.5,0.0,0.0,1439.9999999987513,6.774193549047368,35.15999984741211,0.11700000763067235,0.006077779134183348,1139.9999999997399,306.77419354805875,28.610000610351562,0.0020000457763927866,6.666819254727952e-05,269.9999999994142,1176.7741935483846,,,,,,,,,,,101.0,124.816326530612,1.04704527769316,101.0,200962.410381491,1,1,7033.83323418717,2452.03298896272,1,61302000231,61302000230061
24.5,0.0,0.0,2310.0000000022837,4.820564517775438,30.010000228881836,-0.0010000228881468039,-0.0061888906688154595,2460.0000000016094,154.82056451710105,28.920000076293945,-0.0013333002726442116,-4.444334242215751e-05,3600.0000000004625,1294.8205645159542,31.200000762939453,0.006000010172641275,0.00017777760824263286,2070.0000000000587,235.17943548444964,29.229999542236328,0.0016666412353740342,0.00018888685438542272,1080.0000000002342,1225.179435484274,153.5,1084.47222222222,1.04704527769316,153.5,200738.18057585,1,1,7034.77773259213,2452.03298896272,1,61302000231,61302000230051
24.5,0.0,0.0,2729.9999999992388,5.516129032676872,30.290000915527344,0.0030000050863563804,-0.006233334011714877,2879.9999999974816,144.48387096556598,28.809999465942383,0.00033334096273764693,5.555682712073272e-05,3899.9999999978904,1164.4838709659748,30.920000076293945,0.0,0.0006222216288420073,2459.999999997573,275.5161290343426,28.6299991607666,-0.0003333409627186507,-2.222273084752367e-05,1559.9999999981571,1175.5161290337585,184.0,567.138888888889,1.04704527769316,184.0,200557.050352828,1,2,7035.72223099708,2452.03298896272,1,61302000231,61302000230041
24.5,0.0,0.0,2369.9999999997085,9.241935483928046,30.049999237060547,0.18499997456767817,0.006166665818889048,2429.999999999544,69.24193548376343,28.889999389648438,0.0006666183471582378,3.332985771962037e-05,3060.000000000033,699.2419354842527,31.0,0.0019999821980065014,-0.0002444458007707968,1950.0000000010798,410.75806451470066,28.31999969482422,-0.00033334096273151024,-5.555470784537681e-05,989.9999999992269,1370.7580645165535,157.0,117.333333333333,1.04704527769316,157.0,200365.660199606,1,2,7036.66672940204,2452.03298896272,1,61302000231,61302000230031
24.5,0.0,0.007177776760511029,2250.0000000007603,14.739919355275106,30.200000762939453,0.19000002543092054,0.006333334181017532,2340.0000000007512,75.2600806447158,28.290000915527344,0.00033334096272789995,1.1111365424264511e-05,3630.0000000009836,1365.2600806449482,31.1299991607666,0.005666669209932004,0.00020000033909345938,2160.0000000001296,104.73991935590584,28.100000381469727,0.001666704813678691,6.666819254827234e-05,839.9999999998348,1424.7399193562005,150.0,354.489795918367,1.04704527769316,150.0,200166.444632196,1,2,7037.76864420782,2452.03298896272,1,61302000231,61302000230021
24.0,0.0,0.0,2069.9999999986935,4.0245140553452075e-10,30.510000228881836,0.2170000076271841,0.007233333587499122,2159.9999999987335,89.99999999963757,27.75,-0.0010000228881758022,-4.4445461696600926e-05,3239.9999999995302,1170.0000000004343,30.229999542236328,-0.014333343506097936,-0.00047777811687788323,1679.9999999987306,390.0000000003654,27.399999618530273,0.0003333409627252674,1.1111365424089008e-05,509.9999999986267,1560.0000000004693,138.0,75.6326530612245,1.02609025542291,138.0,199564.443603526,1,2,7040.75955582352,733.828137323689,1,61302000221,61302000220981
24.0,0.0,0.0,2910.0000000005125,8.322580644438858,31.420000076293945,0.2473333358820698,0.008244444529589159,2999.9999999999677,81.67741935501635,27.610000610351562,-0.0006666183471711012,2.1192754994218053e-09,4260.000000000897,1341.6774193559454,30.479999542236328,-0.003333346048983357,-4.4445461698045334e-05,2490.000000000922,428.3225806440296,27.299999237060547,0.0009999593099138558,8.888668484265926e-05,1140.0000000002592,1778.3225806446922,192.0,70.56,1.14072465416425,192.0,199368.712166685,1,1,7041.54663782765,2250.77790178589,1,61302000221,61302000220971
24.0,0.0,0.0,2580.000000000702,7.107701094355434e-10,30.5,0.0,0.008311110602145667,2760.00000000087,180.00000000087857,27.899999618530273,-0.0010000228882088935,-3.3334096274473104e-05,3599.99999999985,1019.9999999998586,29.1200008392334,-0.00299994150809181,-5.555258857698443e-05,2250.00000000014,329.9999999998513,26.989999771118164,0.0,-1.1111365424156801e-05,750.0000000002415,1829.99999999975,172.0,177.102040816327,1.14072465416425,172.0,199156.428127172,1,1,7042.64855263343,2250.77790178589,1,61302000221,61302000220961
24.0,0.0,0.0,2550.0000000003256,3.6229838710701188,29.920000076293945,0.0016666412352403786,-7.777955796698411e-05,2880.0000000020873,326.3770161306916,27.510000228881836,-0.0013333002726100154,-1.1109246146618863e-05,3960.000000000239,1406.3770161288435,29.670000076293945,-0.004666646321837692,0.0005111122131094426,2190.0000000000946,363.62298387130113,28.0,0.0023333231609150968,0.00015555487739506602,1499.9999999998927,1053.622983871503,171.0,144.96,1.14072465416425,171.0,198931.010072246,1,2,7043.43563463756,2250.77790178589,1,61302000221,61302000220951
24.0,0.0,0.0,2850.0000000020646,4.9838709686773655,30.709999084472656,0.22366663614873594,0.007455554538279445,2970.000000000397,124.9838709670098,27.649999618530273,-0.0003333409627069255,-1.1111365422866216e-05,4260.000000003073,1414.983870969686,30.1200008392334,-0.008333333333835829,-0.00042222340905448836,2429.9999999996253,415.0161290337619,27.15999984741211,-0.00033334096274882197,6.666607326787227e-05,360.00000000045014,2485.016129032937,189.0,337.632653061225,1.14072465416425,189.0,198758.756020767,1,2,7044.53754944334,2250.77790178589,1,61302000221,61302000220941
24.0,0.0,0.0,2520.0000000006353,12.066532258915231,30.1299991607666,-0.001333363850971739,-0.0003333346049110005,1829.9999999991087,677.9334677426114,29.010000228881836,-0.0006666819254438044,1.1109246147575992e-05,1320.0000000000318,1187.9334677416882,30.600000381469727,0.007000033060385793,0.001255556742292118,2700.000000000204,192.06653225848413,28.030000686645508,0.002666664123572789,0.00013333214653958787,3749.9999999998795,1242.0665322581594,165.5,379.222222222222,1.14072465416425,165.5,198538.917849001,1,1,7045.4820478483,2250.77790178589,1,61302000221,61302000220931
24.0,0.0,0.0,1290.000000000708,11.866935484863234,29.739999771118164,0.006333351135204561,0.00015555699666064347,1109.999999999739,168.13306451610583,27.93000030517578,0.0,0.0,89.99999999881432,1188.1330645170306,,,,,,,,,,,84.0,336.64,1.14072465416425,84.0,198352.513456935,1,1,7046.26912985243,2250.77790178589,1,61302000221,61302000220921
24.0,0.0,0.0,1290.0000000002024,3.5322580647848554,29.270000457763672,0.0,-3.33340962736121e-05,1170.0000000003656,123.5322580646216,28.790000915527344,-0.0003332773844433298,2.2224850124701215e-05,750.0000000005913,543.5322580643959,29.729999542236328,-0.0006666819254709079,-0.0064111116198966684,1410.0000000001928,116.4677419352056,28.829999923706055,-0.0026666641235473234,-0.00011111153496668757,2040.0000000007935,746.4677419358063,84.0,176.4,1.19949810383717,84.0,198161.944829924,1,1,7047.05621185656,2095.07604217224,1,61302000221,61302000220911
24.0,0.0,0.0,1890.0000000004807,10.348790322859259,29.059999465942383,0.0003333409627397186,-0.00018888685438251437,1739.9999999999022,139.65120967771918,28.770000457763672,0.001000022888175302,3.333409627223367e-05,1440.000000000567,439.65120967705434,30.75,0.0,-0.007499999999767283,2010.0000000017642,130.34879032414278,27.84000015258789,0.0,3.333409627199265e-05,2940.000000001553,1060.3487903239316,127.0,0.0,1.28765827834654,127.0,197965.843021948,1,1,7047.84329386069,1861.52325275175,1,61302000221,61302000220901
24.0,0.0,0.0,2790.000000001075,12.374999999989996,29.139999389648438,0.001333300272638391,0.00021110958523666573,2640.000000000194,137.62500000089085,28.75,-0.000333340962731154,1.111136542326438e-05,2280.0000000008386,497.6250000002465,35.27000045776367,0.19333337148243654,0.0003666687011730474,2909.999999999685,132.37499999859983,27.43000030517578,0.0,7.777743868854336e-05,3570.0000000025484,792.3750000014634,186.5,273.222222222222,1.28765827834654,186.5,197753.710439508,1,2,7048.78779226565,1861.52325275175,1,61302000221,61302000220891
24.0,0.0,0.0,1200.0000000006737,11.28024193475244,28.93000030517578,0.0019999821980363477,-0.0053444459702593735,1350.0000000002533,138.71975806482715,27.75,-0.0006666819254815443,-6.563687672336569e-16,1919.9999999995189,708.7197580640927,29.780000686645508,0.014666684468809617,0.00016666624280964676,1019.9999999995257,191.28024193590045,28.760000228881836,0.0,0.00015555487739423368,719.999999999731,491.28024193569513,80.0,869.918367346939,1.28765827834654,80.0,197553.393029544,1,1,7049.88970707143,1861.52325275175,1,61302000221,61302000220881
24.0,0.0,0.0,990.0000000000941,10.499999999931674,29.110000610351562,0.0010000228881736383,-3.3331976998793936e-05,809.9999999994628,169.50000000069963,28.760000228881836,0.0,0.00023333231607608346,510.00000000027364,469.4999999998888,,,,,,,,,,,63.0,352.8,1.28765827834654,63.0,197336.624844719,1,1,7050.67678907556,1861.52325275175,1,61302000221,61302000220871
29.780000686645508,-0.05066661834854963,-0.003544442918677774,1499.9999999993058,4.542338710512695,29.229999542236328,-0.0020000457764037197,-0.00017777972751490938,1889.9999999991057,385.4576612892872,28.56999969482422,-0.0013333638509135603,6.666395399345268e-05,2129.9999999993847,625.4576612895662,29.56999969482422,0.015999984740777292,0.0004999987284051734,1139.9999999999984,364.5423387098201,28.739999771118164,-0.0013333638508713185,-8.889092338948683e-05,870.0000000000874,634.5423387097311,84.0,105.84,1.28765827834654,84.0,197145.000510922,1,1,7051.46387107969,1861.52325275175,1,61302000221,61302000220861
24.0,-0.1549999872882215,-0.005288887024189989,2250.0000000006685,9.858870968340852,29.149999618530273,0.000333340962724224,-0.0001111094156920717,1980.0000000000578,260.1411290322699,27.520000457763672,0.001333363850939239,-2.222061157154084e-05,1470.0000000003558,770.1411290319718,,,,,,,,,,,143.0,1222.88888888889,2.79319090669478,143.0,196554.733843692,1,2,7054.29736629456,932.715466570613,1,61302000221,61302000220831
24.0,0.0,0.0,1050.0000000001417,8.491935483628595,28.760000228881836,0.0,-0.005288889143219156,1200.0000000001005,141.50806451633025,28.350000381469727,-0.003999964396157581,-0.00011110941568982862,1890.000000000091,831.5080645163207,29.40999984741211,0.009999974568845611,0.00014444351197462785,900.0000000001112,158.49193548365906,27.709999084472656,-0.00033334096272616507,0.00020556026034728106,30.000000000152955,1028.4919354836172,67.0,244.816326530612,1.44206405066743,67.0,195140.929486531,1,1,7060.5940223276,1880.55566652657,1,61302000221,61302000220761
24.0,0.0,0.0,1380.0000000002467,13.778225806847104,28.65999984741211,0.0016666412353851627,2.2220611574267395e-05,1559.9999999990175,193.77822580561792,27.5,-0.001000022888166707,-1.1113484699611632e-05,2279.99999999995,913.7782258065504,,,,,,,,,,,94.5,657.472222222222,1.44206405066743,94.5,194928.551942426,1,1,7061.53852073256,1880.55566652657,1,61302000221,61302000220751
24.0,0.0,0.0,1289.9999999995564,11.443548387154578,28.579999923706055,-0.0033333460490644535,-0.0002888891432162415,1559.9999999991421,258.55645161243115,28.34000015258789,0.0006666819254677246,6.666819254743202e-05,1919.9999999996057,618.5564516128948,29.299999237060547,0.023333295187634676,0.0007777765062969557,1169.9999999987315,131.4435483879795,28.219999313354492,0.001666641235384948,0.000488887363033103,659.999999998959,641.443548387752,87.0,90.16,1.44206405066743,87.0,194725.989528321,1,1,7062.32560273669,1880.55566652657,1,61302000221,61302000220741
24.0,0.0,0.0,1289.9999999992617,4.699596774693646,28.270000457763672,0.14233334859372976,0.004744444953177903,1380.0000000000962,85.30040322614082,27.950000762939453,0.0003333409627213843,1.1111365423830133e-05,1769.9999999993686,475.3004032254132,,,,,,,,,,,83.5,160.916666666667,1.44206405066743,83.5,194325.479203931,1,1,7064.37201594742,1880.55566652657,1,61302000221,61302000220721
24.0,0.0,0.00501111136530793,1829.9999999995011,9.919354839770222,28.510000228881836,-0.009999974568569997,-0.0007999992370422161,1739.9999999993909,99.9193548398805,27.979999542236328,-0.0003333409627137671,-1.1111365423322321e-05,1320.000000000182,519.9193548390895,28.450000762939453,0.0016667048137232257,0.0010777791341285287,2009.9999999987592,170.08064515948786,27.690000534057617,0.0,1.1111365424008162e-05,2370.0000000000746,530.0806451608032,120.0,29.7142857142857,1.07852841937106,120.0,194144.885081365,1,1,7065.47393075321,1362.86498084275,1,61302000221,61302000220711
24.0,0.0,0.0,660.0000000004933,14.993951613136005,28.059999465942383,0.0,3.333409627220462e-05,540.000000000987,105.00604838637025,26.780000686645508,0.11999893188476562,-0.0038666322496511635,0.0,645.0060483873573,28.31999969482422,0.006999969482446492,-0.004333335028828376,749.9999999998906,104.99395161253335,27.690000534057617,0.001000022888140513,0.00014444563123214665,1110.0000000010623,464.993951613705,42.0,257.25,1.07852841937106,42.0,193749.009332332,1,1,7067.36292756312,1362.86498084275,1,61302000221,61302000220691
24.0,0.0,0.0,1260.0000000010925,5.588709678253281,27.75,-0.0006666819254612873,-0.00010000016954272176,1139.999999999969,114.41129032287017,27.59000015258789,0.00033334096271663206,0.00015555487738118633,960.0000000017068,294.41129032113247,,,,,,,,,,,84.0,105.84,1.23792168320193,84.0,193520.021798635,1,1,7068.15000956725,1548.52164046117,1,61302000221,61302000220681
24.0,0.0,0.004177778032157075,1410.000000000179,10.838709677472025,28.360000610351562,0.0,-0.004844445122736215,1529.9999999996703,109.16129032201934,27.34000015258789,-0.0013333002725725452,-3.333197699318547e-05,1830.0000000000005,409.1612903223495,27.770000457763672,0.007333374023691726,0.00041111416288971465,1319.9999999987006,100.83870967895041,27.309999465942383,0.0,0.0,1139.9999999998286,280.8387096778224,96.0,306.64,1.47701157894823,96.0,193327.927556769,1,1,7068.93709157138,1827.00662988881,1,61302000221,61302000220671
24.0,0.0,0.0,840.0000000010513,4.789626473211683e-10,27.549999237060547,0.000999959309886447,-0.0038777796426594305,960.000000000504,119.99999999993167,26.889999389648438,-0.0003333409627239966,5.555470784381233e-05,1350.0000000011723,510.00000000060004,28.899999618530273,0.003333346048959596,0.001766668955492539,750.0000000000515,90.0000000005208,27.229999542236328,-0.001666704813621218,-2.1192763816908694e-09,450.00000000134196,389.99999999923034,57.0,56.25,1.47701157894823,57.0,192914.861387307,1,1,7070.82608838129,1827.00662988881,1,61302000221,61302000220651
24.0,0.0,0.0,1020.0000000008441,2.8306451608258385,28.65999984741211,0.012000020344947264,0.0002333344353511475,870.0000000000438,152.8306451616262,27.139999389648438,-0.003666687011828202,5.5554707843390785e-05,600.000000000034,422.83064516163597,27.780000686645508,0.0026666641236006397,0.00011110941569544349,1199.9999999997838,177.1693548381138,27.31999969482422,-0.006000010172505396,-0.00015555487738507306,1950.0000000002549,927.1693548385849,67.0,22.8055555555556,1.47701157894823,67.0,192720.796487657,1,1,7071.77058678625,1827.00662988881,1,61302000221,61302000220641
23.5,0.0,0.0,1230.0000000001635,8.401209677512725,27.729999542236328,0.004333305358874665,2.222061157425776e-05,1380.0000000003577,158.4012096777069,27.209999084472656,0.0003332773844321979,0.00015555275811058816,1650.0000000006626,428.4012096780118,,,,,,,,,,,77.5,69.1388888888889,1.47701157894823,77.5,192521.249828675,1,1,7072.7150851912,1827.00662988881,1,61302000221,61302000220631
23.5,0.0,0.0,1439.999999999465,14.0624999995714,28.110000610351562,0.1536666870115068,0.005122222900376494,1499.999999999662,74.0624999997683,26.84000015258789,-0.0010000228881746123,-1.1113484700016382e-05,2069.9999999998195,644.0624999999259,,,,,,,,,,,94.0,214.805555555556,1.47701157894823,94.0,192323.750473109,1,1,7073.65958359616,1827.00662988881,1,61302000221,61302000220621
23.5,0.0,0.0,1440.0000000000389,7.874999999775355,28.0,-0.0016666412353453352,-0.0051111094156393025,1530.0000000002929,97.87500000002933,27.170000076293945,0.0003333409627283648,7.777743869396041e-05,1770.00000000037,337.8750000001064,28.059999465942383,0.0,-0.0002444436815069459,1350.0000000000919,82.12500000017167,27.469999313354492,-0.01400000254315252,-0.0005555555555569798,1110.0000000003215,322.124999999942,94.0,159.632653061224,1.45096214609659,94.0,192135.034267293,1,1,7074.76149840194,1895.63416108723,1,61302000221,61302000220611
23.5,0.0,0.0,1649.9999999998663,2.2862903223103785,27.93000030517578,0.008666674296244592,0.00010000016955136212,1529.9999999999886,117.7137096775673,26.56999969482422,-0.00033334096272456,2.2222730848607428e-05,930.0000000003641,717.7137096771918,30.940000534057617,0.05300000508718571,-0.0047333335877114335,1739.999999999918,92.28629032236199,27.229999542236328,-0.004666709899803521,-0.00012222501966119512,2010.0000000007801,362.2862903232242,108.0,98.1388888888889,1.43142507145786,108.0,191922.062611539,1,1,7075.7059968069,1947.10480948604,1,61302000221,61302000220601
23.5,0.0,0.005788887871834532,929.9999999997001,15.00000000050045,28.3799991607666,-0.014000002542628507,-0.0012888887192782947,840.0000000006168,104.99999999958379,26.3799991607666,0.0003332773844182364,1.110924614654562e-05,390.0000000014848,554.9999999987158,,,,,,,,,,,63.0,294.222222222222,1.43142507145786,63.0,191738.496994652,1,1,7076.65049521186,1947.10480948604,1,61302000221,61302000220591
23.5,0.0,0.0,1109.9999999986007,1.4208580978447571e-09,27.190000534057617,-0.026999982197422955,-0.0010999997456338124,990.0000000004031,119.99999999961847,25.0,0.0,-1.1111365424427128e-05,689.999999998822,420.0000000011996,29.84000015258789,-0.0026666641235525376,-0.007222222222313128,1199.9999999989527,89.99999999893112,27.18000030517578,-0.0013333002726747091,-2.222061157535647e-05,1589.999999998954,479.9999999989325,75.0,87.265306122449,1.43142507145786,75.0,191331.284392619,1,1,7078.69690842259,1947.10480948604,1,61302000221,61302000220571
23.5,0.0,0.0,1259.9999999987765,1.5665322594418285,27.309999465942383,-0.03466669718399072,-0.0018555577596070102,1139.9999999992567,121.56653225896162,24.790000915527344,0.0,2.2220611573009504e-05,809.9999999998096,451.56653225840876,30.049999237060547,0.01899998982905785,0.001066667768808969,1409.9999999995066,148.43346774128827,27.09000015258789,-0.001999982198094979,-1.1109246150196971e-05,2099.999999999444,838.4334677412255,83.5,199.805555555556,1.43142507145786,83.5,191116.002765952,1,1,7079.64140682755,1947.10480948604,1,61302000221,61302000220561
23.5,0.0,0.0,1769.999999999712,8.352822581144437,26.59000015258789,0.0033333460488382664,0.00010000016953236748,1619.999999999919,158.3528225809373,24.860000610351562,-0.0006666183471704495,-3.332985772049114e-05,1199.9999999989438,578.3528225819125,29.1299991607666,0.00266666412354508,-0.006077777014840234,1859.9999999981726,81.64717741731624,27.010000228881836,-0.0026666641235451,-5.5554707845544715e-05,2609.999999998481,831.6471774176248,117.0,72.24,1.43142507145786,117.0,190909.721532016,1,1,7080.42848883168,1947.10480948604,1,61302000221,61302000220551
23.5,0.0,0.004399998982714514,1919.9999999988813,11.915322581436612,27.459999084472656,0.02466665903723942,0.0005444441901210806,1859.9999999986571,71.9153225816608,24.760000228881836,-0.0006666819254402219,-1.1111365423581783e-05,1289.9999999997299,641.915322580588,,,,,,,,,,,127.0,19.36,1.29058072137728,127.0,190724.493546464,1,1,7081.21557083581,2116.6019183739,1,61302000221,61302000220541
23.5,0.0,0.0,1920.0000000010245,4.850806452614961,26.520000457763672,-0.010666656494101416,-0.0003333324856194085,1769.9999999999309,145.1491935484787,25.270000457763672,0.0,-0.00010000016954068794,1260.0000000004286,655.149193547981,,,,,,,,,,,127.0,198.16,1.19668448799023,127.0,190520.376353034,1,1,7082.00265283994,2229.5999909658,1,61302000221,61302000220531
23.5,0.0,0.0,1320.000000000042,4.330645161462144,23.5,-0.115666643778114,-0.0039999983045567395,1229.999999999764,94.33064516174022,25.309999465942383,0.00033334096272565457,0.00012222290038862204,360.00000000018343,964.3306451613207,,,,,,,,,,,87.0,413.888888888889,1.19668448799023,87.0,190338.581431649,1,1,7082.9471512449,2229.5999909658,1,61302000221,61302000220521
23.5,0.0,0.0,1380.0000000010218,12.24193548389212,26.920000076293945,0.0006666819254629447,-0.00013333214653707106,1290.000000000187,102.24193548472704,25.079999923706055,-0.0013333638508043755,-3.333621554267322e-05,420.0000000025961,972.2419354823178,,,,,,,,,,,92.0,143.551020408163,1.19668448799023,92.0,190123.142552656,1,1,7084.04906605068,2229.5999909658,1,61302000221,61302000220511
23.0,0.0,0.0,1350.0000000006312,8.685483870355483,26.760000228881836,-0.0016666412354388348,-0.00017777548897780494,1229.9999999994347,128.68548387155192,24.93000030517578,-0.0003333409627152198,1.1109246149146064e-05,480.0000000006894,878.6854838702973,26.8799991607666,0.0,-0.004311110178424068,1470.000000001685,111.3145161306984,25.149999618530273,-0.004333368937144658,-0.0001444456312371612,2369.999999999998,1011.3145161290115,89.5,149.583333333333,1.19668448799023,89.5,189907.332283921,1,1,7084.99356445564,2229.5999909658,1,61302000221,61302000220501
23.0,0.0,0.0,1139.9999999993763,9.387096774119755,26.8799991607666,0.0,-0.00027777777778740327,989.9999999986013,159.38709677489476,24.760000228881836,-0.00033334096271709127,2.2220611572406375e-05,209.99999999994526,939.3870967735509,28.360000610351562,0.0,-0.0014000002543366962,1289.9999999991514,140.61290322565537,25.290000915527344,0.0,-3.333409627484651e-05,1919.999999998848,770.6129032253518,75.0,128.16,1.19668448799023,75.0,189720.399248283,1,1,7085.78064645977,2229.5999909658,1,61302000221,61302000220491
23.0,0.0,0.0,1949.9999999992322,2.752016128421701,27.90999984741211,0.0,-0.0006999990675211307,2100.0000000002183,152.75201612940782,25.31999969482422,-0.001333363850896987,7.777531942029815e-05,2609.999999999593,662.7520161287825,27.479999542236328,-0.09699999491118151,-0.005722221798118134,1830.0000000004766,117.24798387033388,24.790000915527344,-0.0006666183471541909,2.222485012430035e-05,1020.0000000003988,927.2479838704116,127.0,67.2222222222222,1.19668448799023,127.0,189537.271377176,1,1,7086.72514486472,2229.5999909658,1,61302000221,61302000220481
23.0,0.0,0.0,2280.000000001039,10.04032258148618,26.350000381469727,-0.0006666819254778102,0.0006999990675416609,2399.9999999997763,130.04032258022335,25.15999984741211,-0.0003333409627213969,1.1111365425128216e-05,3450.000000000259,1180.0403225807063,26.100000381469727,-0.009000015258745952,-2.222273084749877e-05,1890.0000000003067,379.9596774192462,25.020000457763672,-0.0003333409627272431,3.5631039496135104e-16,1290.0000000004072,979.9596774191457,150.0,78.1388888888889,1.37423091886937,150.0,189302.750525277,1,1,7087.66964326968,1947.14722528609,1,61302000221,61302000220471
23.0,0.0,0.0,2549.9999999994025,3.532258065575661,26.920000076293945,0.0,0.0009999995761233297,2699.999999999699,146.46774193472083,25.209999084472656,0.0016666412354582245,3.333197700347048e-05,3779.999999998876,1226.4677419338977,26.739999771118164,0.021333312988514402,0.0010333315531724104,2159.99999999885,393.5322580661282,25.790000915527344,0.0003333409627242947,0.0016222212049427605,1889.999999999289,663.5322580656891,169.0,221.2,1.37423091886937,169.0,189101.549018448,1,1,7088.45672527381,1947.14722528609,1,61302000221,61302000220461
23.0,0.0,0.0,2729.999999999975,5.927419355856728,26.8700008392334,0.0036666870116230403,1.1111365423574288e-05,2910.000000001882,174.07258064605048,25.350000381469727,0.0,0.0,3630.0000000023592,894.0725806465275,26.709999084472656,-0.010666720072181163,-0.0013111135694329717,2370.000000000579,365.9274193552528,23.81999969482422,0.0003333409627188364,1.0863705768010522e-17,990.000000001189,1745.9274193546426,180.0,305.222222222222,1.37423091886937,180.0,188904.297862047,1,2,7089.40122367877,1947.14722528609,1,61302000221,61302000220451
23.0,0.0,0.0,1770.0000000002183,3.3024193546773404,27.25,0.008666674295843843,0.00020000033906870596,1950.0000000010116,183.30241935547065,25.280000686645508,-0.001666641235311596,-3.031429274196776e-17,2670.0000000020927,903.3024193565518,,,,,,,,,,,121.0,222.285714285714,1.37423091886937,121.0,188716.176579461,1,1,7090.50313848455,1947.14722528609,1,61302000221,61302000220441
23.0,0.0,0.0,960.0000000008351,1.766129031915625,27.5,-0.0026666641236121097,-0.005177777608209971,1050.000000000082,88.23387096733131,26.229999542236328,-0.0010000228882078323,3.333197699450715e-05,1439.9999999996853,478.23387096693455,26.020000457763672,0.00033334096270188653,-0.0001777776082277026,870.0000000021987,91.76612903055207,23.479999542236328,-0.005666669209935547,-0.00018888897366909726,269.9999999999884,691.7661290327624,63.0,222.4,1.37423091886937,63.0,188504.394211148,1,1,7091.29022048868,1947.14722528609,1,61302000221,61302000220431
23.0,0.0,0.0027222230699481586,1200.000000000136,0.822580645056405,25.56999969482422,0.0016666412353810386,-0.00013333426581399365,960.0000000000293,240.82258064516304,22.670000076293945,-0.003333346048950842,-0.0001111115349636933,210.0000000005384,990.822580644654,,,,,,,,,,,84.0,319.25,1.37423091886937,84.0,188321.26629894,1,1,7092.23471889363,1947.14722528609,1,61302000221,61302000220421
22.5,0.0,0.0,1919.9999999990423,4.209677419861919,25.3799991607666,0.0006666183471641542,7.777531941742089e-05,1739.9999999991785,184.20967741972572,23.5,-0.0003333409627283421,4.4443342420842306e-05,1079.9999999990484,844.2096774198558,28.219999313354492,0.190666643780801,0.006355554792770631,2009.9999999989539,85.79032258004963,25.989999771118164,0.001999982198096586,0.00018888897366230596,2519.9999999990036,595.7903225800994,133.5,506.916666666667,1.35058834988603,133.5,188111.351233364,1,1,7093.17921729859,1921.00306333119,1,61302000221,61302000220411
22.5,0.0,0.0,2160.0000000008927,5.606854837662013,26.420000076293945,-0.0013333002726550443,-4.444334242287969e-05,2309.9999999993374,144.39314516078275,25.479999542236328,0.0023333231607923304,-6.666607327174795e-05,2909.999999999926,744.3931451613712,25.5,-0.0003333409627177058,-1.11113654235849e-05,1980.000000000451,185.60685483810357,24.149999618530273,0.010999997456916011,0.0008555560641975164,1169.9999999995496,995.6068548390051,149.0,195.555555555556,1.23237550496929,149.0,187918.243452822,1,1,7094.12371570355,1790.28225355672,1,61302000221,61302000220401
22.5,0.0,0.0,1889.9999999978386,6.550403227050538,26.440000534057617,0.00799999237067653,-0.0038444455464155644,2009.9999999981026,113.44959677321344,25.170000076293945,0.0,0.0,2339.9999999986267,443.44959677373754,25.440000534057617,0.0,0.00015555487738624379,1709.9999999981942,186.55040322669493,24.90999984741211,0.0,-1.1111365424197223e-05,1259.9999999988236,636.5504032260656,127.0,188.222222222222,1.23237550496929,127.0,187726.852536895,1,1,7095.0682141085,1790.28225355672,1,61302000221,61302000220391
22.5,0.0,0.0,1049.9999999997585,0.42338709552268483,27.09000015258789,-0.00033334096274757074,-0.00013333426581882245,960.0000000003467,89.5766129038891,24.690000534057617,-0.009666633606515545,0.0003222232394190317,300.0000000008326,749.5766129034032,,,,,,,,,,,67.0,80.2222222222222,1.23237550496929,67.0,187504.547202272,1,1,7096.01271251346,1790.28225355672,1,61302000221,61302000220381
22.0,0.0,0.0,1260.000000000437,14.352822580306565,25.8700008392334,0.03000005086275822,-0.002299997541772819,1439.9999999999661,165.64717741922254,24.84000015258789,-0.0003333409627119203,3.333197699588395e-05,1890.0000000013401,615.6471774205966,,,,,,,,,,,80.0,53.5510204081633,1.23237550496929,80.0,187129.294058861,1,1,7098.0591257242,1790.28225355672,1,61302000221,61302000220361
22.0,0.0,0.0,1409.9999999986062,6.598790322012292,25.709999084472656,0.003333282470829265,7.777531942582682e-05,1679.9999999981567,276.5987903215628,24.270000457763672,-0.0006666819254809632,4.444334242049514e-05,2399.999999998127,996.598790321533,25.829999923706055,0.006666692098246182,-0.00012222078109320675,1049.99999999906,353.40120967753387,23.469999313354492,-0.0013333638509546578,-1.111136542650887e-05,239.99999999838013,1163.4012096782137,87.0,45.36,1.13627036910444,87.0,186907.309782933,1,1,7098.84620772833,1616.57358527335,1,61302000221,61302000220351
22.0,0.0,0.0,1919.9999999998502,8.225806452097686,25.6299991607666,0.0,-2.2220611572626367e-05,2159.9999999997194,248.22580645196695,24.219999313354492,-0.00033334096270063975,-1.1111365422447163e-05,3150.000000001318,1238.2258064535654,25.65999984741211,0.0,0.0,1799.9999999989734,111.77419354877907,23.399999618530273,-0.0010000228882506553,5.555470784457028e-05,1199.9999999989845,711.7741935487679,121.0,92.4897959183673,1.07220027852787,121.0,186724.756542226,1,1,7099.94812253411,1500.76780641777,1,61302000221,61302000220341
22.0,0.0,0.003188889821325102,1140.0000000002333,13.463709677155293,26.610000610351562,0.0003333409627160257,-0.005100000169349085,1290.0000000009468,136.5362903235582,24.510000228881836,-0.0016666412354461738,2.119272579595002e-09,2159.9999999987617,1006.5362903213731,25.1200008392334,0.014000002543512012,0.00046666675146308384,1049.9999999986708,103.4637096787178,23.829999923706055,0.0003333409627369247,-5.5554707845864534e-05,179.99999999911643,973.4637096782722,80.0,331.061224489796,1.07220027852787,80.0,186316.664456235,1,1,7101.99453574485,1500.76780641777,1,61302000221,61302000220321
21.5,0.0,0.0,1229.9999999995928,14.383064516079003,26.1299991607666,-0.0003333409627242922,-0.00016666624280808906,1499.9999999999368,284.383064516423,24.350000381469727,-0.0006666819254506966,1.1109246147624554e-05,2399.9999999998613,1184.3830645163475,26.010000228881836,0.002333323160840972,-1.1111365422629196e-05,1049.999999999125,165.6169354843887,24.790000915527344,0.006000010172471256,0.00024444368150038624,329.9999999994305,885.6169354840833,87.0,44.64,1.22745614881531,87.0,186095.638041515,1,1,7102.78161774898,1909.3808336562,1,61302000221,61302000220311
21.5,0.0,0.0,1740.0000000012258,5.504032259220594,26.190000534057617,0.0010000228881725205,-4.4443342422046306e-05,1980.0000000000769,245.50403225807167,24.260000228881836,0.0003333409627149242,3.333409627152594e-05,2970.0000000012524,1235.5040322592472,25.940000534057617,-0.0043333053590975685,-0.00027777565851646403,1439.999999999823,294.4959677421821,24.889999389648438,0.0019999821981788565,0.00015555487739427927,930.0000000007976,804.4959677412076,121.0,456.857142857143,1.33096006234027,121.0,185923.383995149,1,1,7103.88353255476,2181.78951848183,1,61302000221,61302000220301
21.5,0.0,0.0,899.9999999993488,13.681451612799606,26.350000381469727,-0.0016666412353503436,-0.005499998728571326,1049.9999999987626,163.68145161221344,24.31999969482422,-0.0010000228881817065,-3.333409627266064e-05,1739.9999999994363,853.6814516128871,26.219999313354492,0.0,-0.00010000016954792109,689.9999999987973,196.3185483877519,24.670000076293945,0.004000027974313973,4.444546168854082e-05,60.000000000113054,826.3185483864362,63.0,172.555555555556,1.33096006234027,63.0,185699.31909768,1,1,7104.82803095972,2181.78951848183,1,61302000221,61302000220291
21.5,0.0,0.0056666670907239685,839.999999999142,9.520161291299132,26.979999542236328,-0.010333379110273181,-0.0002666685316685742,629.9999999993565,219.5201612910846,25.84000015258789,-0.0049999872843527835,-0.0002888891432076789,299.99999999909073,549.5201612913504,26.920000076293945,0.05333334604793688,-0.0024666659037429375,960.0000000004226,110.47983870998144,24.31999969482422,-0.0016667048135619257,-1.1113484695716724e-05,1320.0000000002628,470.4798387098217,54.0,62.8888888888889,1.33096006234027,54.0,185514.037470704,1,1,7105.77252936467,2181.78951848183,1,61302000221,61302000220281
21.5,0.0,0.006600000593334424,1289.999999999956,2.056451613295394,25.780000686645508,0.1426666895548827,0.0047555563184971715,1349.999999999783,62.05645161312259,23.610000610351562,-0.0013333002726186654,0.00012222290039192054,2219.9999999992924,932.0564516126319,,,,,,,,,,,84.0,130.25,1.33096006234027,84.0,185300.976036922,1,1,7106.71702776963,2181.78951848183,1,61302000221,61302000220271
21.5,0.0,0.007322222391682299,1110.0000000000814,4.959677419366699,27.329999923706055,-0.00566666920970644,-0.006855555640206955,1200.0000000005068,94.95967741979211,24.15999984741211,0.0,5.5554707845692505e-05,1589.9999999998374,484.9596774191227,28.31999969482422,0.00466664632157619,0.0013222206963585208,1020.0000000000057,85.04032258070902,25.639999389648438,-0.0003333409627288158,0.00025555504692014163,660.0000000004785,445.0403225802362,75.0,14.2222222222222,1.33096006234027,75.0,185092.977370774,1,1,7107.66152617459,2181.78951848183,1,61302000221,61302000220261
21.0,0.0,0.006655555301248054,1620.0000000001721,13.475806451451945,28.360000610351562,0.0036666870117610744,-0.007933332655262177,1710.0000000000455,76.52419354842141,23.450000762939453,-0.0003332773844415288,4.4447580973636756e-05,2220.0000000000814,586.5241935484573,,,,,,,,,,,108.0,805.888888888889,1.33096006234027,108.0,184899.110572206,1,1,7108.60602457954,2181.78951848183,1,61302000221,61302000220251
21.0,0.0,0.0,2250.000000000229,14.999999999832198,26.290000915527344,0.0013333638509055363,-0.005788887871630136,2340.0000000002797,75.00000000021828,23.889999389648438,-0.007333374023376473,-0.00045555750528213134,3180.000000000521,915.0000000004597,,,,,,,,,,,151.0,24.2857142857143,1.31822082860711,151.0,184717.921411955,1,1,7109.70793938533,2162.81080786467,1,61302000221,61302000220241
21.0,0.0,0.009466667175327983,869.9999999998736,14.625000000251248,25.479999542236328,0.005666669209743182,0.0002666664123497308,1050.0000000002028,165.375000000078,23.959999084472656,0.00033327738444069525,0.00011110941569115463,1710.000000000037,825.3749999999122,25.420000076293945,0.0006666819254517425,-3.181591275139687e-16,720.0000000002294,164.6249999998954,23.899999618530273,0.0006666819254604953,0.0006222237481021465,330.00000000001364,554.6250000001112,63.0,676.244897959184,1.28637274427422,63.0,184506.137981278,1,1,7110.80985419111,2115.36403132178,1,61302000221,61302000220231
21.0,0.0,0.0,1590.000000000283,14.104838709407659,25.520000457763672,0.000666681925459438,-0.0049777772692285735,1710.0000000001783,105.89516129048752,23.860000610351562,0.0003333409627311641,3.333409627335002e-05,2490.0000000000146,885.8951612903238,25.780000686645508,0.0063333511351978886,0.00017777760823152244,1440.0000000000143,164.10483870967641,23.09000015258789,-0.004999987284427978,-0.00017777760824120602,1050.000000000454,554.1048387092367,106.5,446.333333333333,1.28637274427422,106.5,184294.354548781,1,1,7111.75435259606,2115.36403132178,1,61302000221,61302000220221
21.0,0.0,0.004511110517740598,1200.0000000004377,4.112903225768832,25.459999084472656,0.0,1.111136542424051e-05,1350.0000000007146,145.8870967745081,23.739999771118164,-0.0006666819254740609,1.111136542387123e-05,2339.999999999915,1135.8870967737084,25.059999465942383,0.009999974568635632,0.00035555521646796494,1140.0000000006162,64.11290322559034,23.0,-0.0006666819254614035,0.00019999821980528438,570.0000000003913,634.1129032258152,84.0,0.0,1.28637274427422,84.0,184094.61109775,1,1,7112.38401819937,2115.36403132178,1,61302000221,61302000220211
20.5,0.0,0.0,1170.000000000939,1.8870967732004829,24.479999542236328,0.00033334096272710415,-0.00012222078111077047,959.9999999999803,211.8870967741592,22.520000457763672,-0.0006666819254772904,-8.88909233976701e-05,269.9999999991958,901.8870967749438,26.290000915527344,-0.010333315530918263,-0.0007222217983173001,1380.0000000002935,208.112903226154,23.700000762939453,-0.003999964396050686,-0.00013333214653141727,2189.99999999984,1018.1129032257004,82.0,69.8888888888889,1.28637274427422,82.0,183924.905027111,1,1,7113.32851660432,2115.36403132178,1,61302000221,61302000220201
20.5,0.0,0.0,1080.0000000001685,2.9032258058302887,25.90999984741211,-0.004666646321459278,-0.0002666642930627398,1379.9999999998681,297.09677419386935,23.489999771118164,0.0,2.2222730849095617e-05,2219.9999999996076,1137.0967741936088,24.100000381469727,0.0006666819254344945,3.333409627067882e-05,960.0000000008594,122.90322580513941,22.729999542236328,0.0,-0.00010000016953892467,479.9999999999185,602.9032258060803,80.0,87.25,1.28637274427422,80.0,183710.424714085,1,1,7114.27301500928,2115.36403132178,1,61302000221,61302000220191
20.5,0.0,0.0,1230.000000000679,11.328629032220988,25.110000610351562,0.006000010172709078,0.000833333333383099,959.9999999996497,281.3286290332502,20.899999618530273,-0.0013333638509072123,0.0006833489735865747,30.000000000095536,1211.3286290328044,26.979999542236328,0.003999964396277481,0.0004888873630177428,1439.9999999998777,198.67137096697775,23.8799991607666,-0.003333346048887809,0.0001222229003834622,2220.0000000020627,978.6713709691628,87.0,158.408163265306,1.28637274427422,87.0,183517.317671121,1,1,7115.37492981506,2115.36403132178,1,61302000221,61302000220181
20.5,0.0,0.0,1019.9999999994494,2.709677418704473,24.6200008392334,-0.0023333231607825422,-0.00021111170450760483,870.0000000001221,147.29032258062284,23.239999771118164,-0.009666697184361283,-0.00015555699667093692,509.9999999996574,507.29032258108754,27.520000457763672,0.00933335622167128,-0.0009444427491247225,1200.000000000134,182.70967741938898,23.969999313354492,-0.001666704813659408,3.333197699263815e-05,1560.0000000005537,542.7096774198087,73.5,488.916666666667,1.252184474939,73.5,183289.224871526,1,1,7116.31942822002,1682.73830254985,1,61302000221,61302000220171
20.5,0.0,0.0,989.9999999993832,4.112903226193453,24.93000030517578,0.1476666768354703,0.004922222561058263,1110.0000000000161,115.88709677443944,23.739999771118164,0.0,2.222273084929571e-05,1889.9999999990744,895.8870967734977,24.610000610351562,0.00033334096273872067,-4.444546169660552e-05,839.9999999989069,154.1129032266698,23.5,-0.004000027974339627,0.0006888877020817177,240.00000000035294,754.1129032252238,70.0,289.0,1.21799620560378,70.0,183090.009306525,1,1,7117.26392662498,1250.11257377793,1,61302000221,61302000220161
20.5,0.0,0.0,1080.000000000081,5.624999999589818,24.899999618530273,0.0036666234334071877,0.00014444139268518627,930.0000000004252,144.37500000006594,24.43000030517578,0.0003333409627172321,-2.2222730847852315e-05,630.0000000017512,444.3749999987399,,,,,,,,,,,63.0,53.5555555555556,1.21799620560378,63.0,182717.794644123,1,1,7119.15292343489,1250.11257377793,1,61302000221,61302000220141
20.0,0.0,0.0,1260.000000000228,4.826612903751993,24.84000015258789,-0.0010000228881893501,-0.00010000228881908167,1049.9999999997233,205.17338709675278,24.100000381469727,-0.0003333409627321823,3.3331976996236906e-05,750.0000000002146,505.1733870962614,28.350000381469727,0.024666659037255498,-0.007633334265730633,1409.9999999999052,154.82661290342912,23.520000457763672,-0.005333328247124316,-0.00011111153496943609,1829.9999999996571,574.8266129031811,63.0,29.265306122449,1.33381322503653,63.0,182516.584788046,1,1,7120.25483824067,1275.29330290835,1,61302000221,61302000220131
20.0,0.0,0.0,1890.0000000008692,2.540322579805661,24.559999465942383,0.0019999821981518374,0.00011111153497174533,1679.9999999996128,212.54032258106213,22.200000762939453,0.004666709899884871,0.00023333443535834746,840.0000000002718,1052.540322580403,28.549999237060547,0.014000002543638387,-0.008566665649178505,2040.0000000002567,147.4596774195818,23.399999618530273,-0.0013333638509212204,8.888668484140604e-05,2459.999999999838,567.4596774191632,100.5,429.0,1.42067598961108,100.5,182298.991166301,1,1,7121.19933664563,1294.17884975616,1,61302000221,61302000220121
20.0,0.0,0.0,1260.000000000422,9.018145161315715,24.1200008392334,0.0,0.0,990.0000000001123,260.98185483899397,20.790000915527344,-0.0009999593099101326,1.1113484699554827e-05,330.0000000002956,920.9818548388107,,,,,,,,,,,63.0,36.8055555555556,1.42067598961108,63.0,182088.60414467,1,1,7122.14383505058,1294.17884975616,1,61302000221,61302000220111
20.0,0.0,0.0,989.9999999999169,4.542338709419369,25.059999465942383,-0.012000020344692242,-0.0009333335028780625,809.9999999999558,175.45766129054175,20.209999084472656,-0.00033334096272537224,1.1111365425037136e-05,210.00000000002504,775.4576612904725,,,,,,,,,,,84.0,187.25,1.12919070052667,84.0,181494.112199231,1,1,7124.81991386463,1169.87435230343,1,61302000221,61302000220081
20.0,0.0,0.0,1470.0000000005027,7.379032258377038,20.0,0.0,0.0,1619.9999999996498,157.37903225752416,23.479999542236328,0.0013333002726291345,9.999805026673203e-05,1919.9999999990189,457.3790322568932,25.420000076293945,0.015999984740853082,3.33319769811442e-05,1139.9999999994682,322.6209677426575,19.93000030517578,0.0,3.333197699785985e-05,150.000000000061,1312.6209677420647,108.0,144.24,1.12919070052667,108.0,181281.808868065,1,1,7125.60699586876,1169.87435230343,1,61302000221,61302000220071
20.0,0.0,0.0,1620.000000000338,13.064516128148853,23.1299991607666,-0.011333338419249847,-0.004233332739914605,1800.0000000003213,166.93548387183432,21.940000534057617,-0.0023333231607414345,-2.2222730845797836e-05,2550.000000000047,916.9354838715599,24.540000915527344,-0.0026666641234536254,3.333197699458498e-05,1380.0000000014215,253.06451612706542,20.1299991607666,0.0006666183471876044,-0.0003055307600342132,29.999999999116334,1603.0645161293705,100.5,228.888888888889,1.1077853604694,100.5,180891.433536993,1,1,7127.65340907949,1518.46860468642,1,61302000221,61302000220051
20.0,0.0,0.0,1500.0000000005468,12.27822580625184,23.299999237060547,-0.002666664123663213,-0.0038444434272084894,1709.9999999989595,222.27822580466454,22.040000915527344,-0.0016666412352758988,1.1111365427354042e-05,2310.000000000301,822.278225806006,25.420000076293945,-0.00466664632183656,-0.0008111106025007254,1289.9999999993313,197.7217741949637,20.1299991607666,-0.0026666641235763007,-8.88888041205815e-05,330.00000000018366,1157.7217741941113,90.0,21.5510204081633,1.09708269044076,90.0,180705.029143016,1,1,7128.75532388528,1692.76573087792,1,61302000221,61302000220041
19.5,0.0,0.0,1230.000000000687,7.645161289613952,24.040000915527344,0.0,-0.0001888889736638189,1469.9999999999554,232.3548387096546,22.399999618530273,-0.0023333231608377446,-6.666607327120868e-05,2280.0000000004375,1042.3548387101366,23.15999984741211,-0.005333328247095455,2.2222730847622725e-05,1049.9999999998352,187.6451612904657,19.229999542236328,0.000333340962715911,1.1111365423465248e-05,90.00000000079288,1147.645161289508,84.0,70.56,1.09708269044076,84.0,180286.437610276,1,1,7130.48690429436,1692.76573087792,1,61302000221,61302000220021
19.5,0.0,0.0,809.9999999990977,11.703629031733158,22.200000762939453,0.0013333638508864062,-7.777743869163564e-05,1169.9999999997137,371.7036290323492,20.979999542236328,0.0013333002726740018,0.00017777548896594003,1889.9999999991064,1091.703629031742,,,,,,,,,,,63.0,9.91836734693877,1.36790895221205,63.0,179701.605467801,1,1,7133.16298310841,826.750930658426,1,61302000211,61302000210981
19.5,0.0,0.0,1289.9999999989798,2.0564516120227836,23.8700008392334,-0.00499998728427219,-0.0006999990675123839,1169.9999999996808,117.94354838727622,21.1299991607666,0.000999959309865323,4.4443342418827865e-05,479.9999999997147,807.9435483872423,21.950000762939453,0.0,-0.00016666836208573208,1500.0000000000375,212.05645161308053,21.770000457763672,0.0,2.2222730848235448e-05,1799.9999999998818,512.0564516129248,84.0,105.84,1.48378660272339,84.0,179277.651855994,1,1,7134.89456351749,2126.4062763211,1,61302000211,61302000210961
19.5,0.0,0.0,1619.9999999994682,4.645161289856333,23.100000381469727,-0.0009999593099652628,-0.00011110941569434965,1409.9999999996703,205.35483870994153,19.649999618530273,-0.0016667048136713612,-5.5556827123446646e-05,419.9999999996642,1195.3548387099477,22.520000457763672,-0.01466662089068187,-0.0043333307902084055,1739.9999999996949,124.64516129008302,21.989999771118164,0.0023333231607509486,0.00012222078111171023,2129.9999999997303,514.6451612901185,105.0,480.96,1.48378660272339,105.0,179084.982889645,1,1,7135.68164552162,2126.4062763211,1,61302000211,61302000210951
19.0,0.0,0.0,1260.000000000446,4.330645162316841,23.350000381469727,-0.0016666412352668166,2.2222730845985495e-05,1110.0000000019177,145.6693548362116,18.93000030517578,0.0003333409627400477,3.333409627446047e-05,359.9999999991851,895.6693548389442,23.850000381469727,-0.0023333231608236677,-0.00016666624281889807,1379.9999999989332,124.3306451608039,21.93000030517578,0.0019999821979729414,0.00019999821979436105,1890.0000000019259,634.3306451637966,86.0,44.8888888888889,1.48378660272339,86.0,178888.306446526,1,1,7136.62614392658,2126.4062763211,1,61302000211,61302000210941
19.0,0.0,0.0,1620.0000000012576,14.370967742418998,23.34000015258789,-0.018333307900694033,-0.001344443427065338,1500.0000000018315,105.62903225700711,18.510000228881836,-0.0013333002726510933,2.2224850123657213e-05,690.0000000007439,915.6290322580948,24.190000534057617,0.001333363850938663,-0.005677776336725747,1710.0000000003304,104.37096774149177,21.860000610351562,0.00033334096273476176,3.333409627278073e-05,2250.000000000438,644.3709677415993,108.0,172.816326530612,1.48378660272339,108.0,178699.227304859,1,1,7137.72805873236,2126.4062763211,1,61302000211,61302000210931
19.0,0.0,0.0,1260.0000000005562,3.9556451620996995,23.610000610351562,0.007000033060520498,0.000366668701159471,1170.0000000004786,86.04435483797783,19.040000915527344,0.0013333638509443221,7.777955797264509e-05,660.0000000002548,596.0443548382017,24.440000534057617,0.004333368937289759,-0.005755553775658189,1349.9999999998292,93.95564516137279,21.809999465942383,-0.0016667048135910302,9.999805026899669e-05,1830.000000000851,573.9556451623946,84.0,57.76,1.48378660272339,84.0,178485.068442509,1,1,7138.51514073649,2126.4062763211,1,61302000211,61302000210921
18.5,0.0,0.0,1560.000000000006,1.0282258064125926,21.920000076293945,0.04966665903994328,0.0016555553014204808,1469.9999999991392,91.02822580727934,17.8700008392334,0.0,-2.2222730848945167e-05,419.9999999995053,1141.0282258069133,26.6200008392334,0.052333386737751626,-0.0055333307053578905,1649.9999999999325,88.97177419351397,21.770000457763672,-0.0006666819254706958,5.555470784457541e-05,2189.9999999992638,628.9717741928453,105.0,285.6,1.48378660272339,105.0,178294.499814864,1,1,7139.30222274062,2126.4062763211,1,61302000211,61302000210911
18.5,0.0,0.0,1199.999999999564,9.743951612837009,23.1200008392334,-0.0026666641235406335,-0.0003000005086254672,1109.9999999997108,80.25604838701611,18.290000915527344,0.0,1.1109246148089973e-05,59.99999999976641,1130.2560483869604,25.3700008392334,0.22900002797436156,0.007633334265809217,1229.999999999575,39.74395161284815,21.770000457763672,-0.0006666819254636268,5.555470784379697e-05,1799.9999999998413,609.7439516131144,80.0,126.472222222222,1.48378660272339,80.0,178086.374880869,1,1,7140.24672114558,2126.4062763211,1,61302000211,61302000210901
18.5,0.0,0.0,1139.9999999997988,14.999999999827196,22.450000762939453,0.009000015258788994,0.0002888891432021701,1050.0000000000637,74.99999999990791,19.850000381469727,-0.000666681925453943,-3.33340962726737e-05,719.9999999998656,405.00000000010596,,,,,,,,,,,75.0,481.102040816327,1.48378660272339,75.0,177897.658670623,1,1,7141.34863595136,2126.4062763211,1,61302000211,61302000210891
18.5,0.0,0.0,1620.0000000001635,15.000000000070258,22.8700008392334,0.0026666641235410984,6.666607326968798e-05,1470.0000000000837,135.00000000000955,18.399999618530273,0.000666681925457216,2.2222730848623426e-05,119.99999999993955,1485.0000000001537,,,,,,,,,,,108.0,106.583333333333,1.16308918330827,108.0,177686.469351933,1,1,7142.29313435632,3089.93002611087,1,61302000211,61302000210881
18.0,0.0,0.0,1619.9999999999618,6.356854838631534,24.969999313354492,0.03366667429525973,0.0012111133998745818,1470.0000000002308,156.35685483836255,18.399999618530273,0.0006666819254656638,2.2222730849186612e-05,119.9999999997288,1506.3568548388646,,,,,,,,,,,108.0,99.6326530612245,1.16308918330827,108.0,177503.497848548,1,1,7143.3950491621,3089.93002611087,1,61302000211,61302000210871
18.0,0.0,0.0,1290.0000000003788,11.866935483903944,21.709999084472656,-0.017333348591850192,-0.005277777777740609,1380.000000000248,101.8669354837732,20.6200008392334,-0.001666641235410047,-6.666607327335638e-05,2279.999999999663,1001.8669354831882,,,,,,,,,,,84.0,14.5833333333333,1.16308918330827,84.0,177287.092463887,1,1,7144.33954756706,3089.93002611087,1,61302000211,61302000210861
18.0,-0.1913333257028628,-0.005944444868242045,1290.000000000808,10.221774192830026,24.149999618530273,-0.007000033060888958,-0.001111113230402611,1169.9999999997956,130.22177419384252,18.510000228881836,0.001666704813586203,-0.0007722409565957825,30.00000000095614,1270.221774192682,21.149999618530273,0.10499998728401458,0.00349999957612289,1380.0000000006394,79.77822580700126,20.049999237060547,0.0,5.555682711992123e-05,2310.0000000010714,1009.7782258074333,84.0,23.04,1.16308918330827,84.0,177073.369991614,1,1,7145.12662957119,3089.93002611087,1,61302000211,61302000210851
18.0,0.0,0.0,1560.0000000001949,4.68145161254688,20.860000610351562,0.09533335367886013,0.003177778455977828,1620.0000000005564,64.6814516129084,20.1299991607666,-0.0010000228881901574,4.444334242357802e-05,2489.9999999996608,934.6814516120128,23.899999618530273,0.02233333587594316,0.000744444529180716,1440.00000000103,115.31854838661798,18.31999969482422,0.002333323160624204,0.00012222290037529384,60.000000002109545,1495.3185483855384,101.0,90.16,1.16308918330827,101.0,176873.26049246,1,1,7145.91371157532,3089.93002611087,1,61302000211,61302000210841
18.0,0.0,0.0,1859.9999999987315,1.3669354848905186,20.709999084472656,0.0,7.777955796675906e-05,2009.9999999999939,148.63306451637186,19.790000915527344,0.0006666819254816099,2.222273085024969e-05,3149.999999999158,1288.6330645155358,23.18000030517578,-0.0009999593099089524,-6.666395399474488e-05,1769.9999999994807,91.36693548414132,18.600000381469727,0.0,-7.777743869747613e-05,480.0000000000133,1381.3669354836088,123.0,113.387755102041,1.16308918330827,123.0,176705.398081748,1,1,7147.0156263811,3089.93002611087,1,61302000211,61302000210831
18.0,0.0,0.005466666751202173,1980.0000000011648,4.596774192901876,20.93000030517578,0.09766667683261504,0.003255555894201246,2070.000000001713,85.40322580764632,20.1200008392334,0.0,2.222061157336839e-05,2489.9999999996853,505.4032258056186,,,,,,,,,,,130.0,163.472222222222,1.16308918330827,130.0,176489.522332778,1,1,7147.96012478606,3089.93002611087,1,61302000211,61302000210821
18.0,0.0,0.0,2519.9999999990614,3.1330645171747165,20.639999389648438,0.08799997965254819,0.0029333326550049486,2609.99999999874,86.86693548250378,19.860000610351562,-0.0006666183471501338,-3.33298577188169e-05,3119.9999999986967,596.8669354824606,,,,,,,,,,,166.0,605.265306122449,1.16308918330827,166.0,176304.834829764,1,1,7149.06203959184,3089.93002611087,1,61302000211,61302000210811
18.0,0.0,0.0,2519.9999999996967,9.889112904125795,22.540000915527344,0.006333351135315828,2.2721986329725034e-16,2309.9999999988827,219.8891129049398,18.15999984741211,-0.0013333638509245049,-3.333621555005686e-05,1109.9999999998602,1419.8891129039623,23.760000228881836,0.007333310445440201,-0.0059111128913975465,2639.9999999995257,110.11088709570322,19.34000015258789,0.00033334096273088617,2.2222730849274656e-05,3299.9999999989354,770.110887095113,166.0,255.551020408163,1.16308918330827,166.0,176093.646584548,1,1,7150.16395439762,3089.93002611087,1,61302000211,61302000210801
18.0,0.0,0.0,1650.0000000004188,2.2862903223474405,21.6200008392334,-0.00033327738444542383,-7.777531941548352e-05,1440.0000000007908,207.71370967728058,18.1299991607666,0.0,2.2222730847148115e-05,360.0000000020089,1287.7137096760625,23.3799991607666,0.0003332773844245721,-0.005955558352818419,1800.0000000019102,152.28629032383878,18.700000762939453,-0.00033327738444487317,3.3336215547291517e-05,2820.000000000613,1172.2862903225416,108.0,135.583333333333,1.05729331586141,108.0,175881.86421555,1,1,7151.10845280258,2838.55310824931,1,61302000211,61302000210791
18.0,0.0,0.0,1440.000000000683,4.91129032285744,22.549999237060547,0.014333279927497309,0.0004111078050379517,1320.0000000010282,115.08870967679741,18.209999084472656,0.0,4.444546169935239e-05,299.9999999996396,1135.088709678186,25.3700008392334,-0.1099999745715245,-0.00596666548018242,1590.0000000004995,154.91129032267395,18.690000534057617,-0.0016666412352912589,-2.2220611569603598e-05,2610.0000000009454,1174.9112903231198,92.0,278.204081632653,1.05729331586141,92.0,175696.582587774,1,1,7152.21036760836,2838.55310824931,1,61302000211,61302000210781
18.0,0.0,0.0,2009.9999999993627,3.653225807419176,22.690000534057617,0.021333376566257115,0.0006555578443512898,1859.9999999973832,146.34677419456034,18.34000015258789,0.0006666819254684978,1.1111365425398838e-05,869.9999999978409,1136.3467741941026,,,,,,,,,,,132.5,176.25,1.05729331586141,132.5,175479.584072755,1,1,7153.15486601331,2838.55310824931,1,61302000211,61302000210771
18.0,0.0,0.0,2310.0000000011487,4.814516129950789,22.700000762939453,-0.008666610717700396,-0.005799997117669063,2400.0000000009795,94.81451612978162,18.600000381469727,-0.0009999593098874056,-4.4441223144434175e-05,3480.0000000000246,1174.8145161288267,23.899999618530273,0.0,-0.000999999576155647,2190.0000000000105,115.18548387118744,16.540000915527344,0.0006666819254508137,2.2222730848196606e-05,120.000000000147,2185.185483871051,152.0,48.7755102040816,1.05729331586141,152.0,175293.179681166,1,1,7154.2567808191,2838.55310824931,1,61302000211,61302000210761
18.0,0.0,0.0,2640.0000000011255,8.286290321610522,22.350000381469727,0.14500001271524873,0.004833333757161331,2759.9999999997267,111.71370967699067,18.709999084472656,0.0,1.1111365423488392e-05,3840.0000000017058,1191.7137096789697,22.6200008392334,0.005000050862925873,-4.444122313016757e-05,2519.9999999997353,128.28629032300069,19.229999542236328,0.0006666819254331934,3.333409627121005e-05,1530.0000000008579,1118.2862903218781,175.5,165.666666666667,1.05729331586141,175.5,175075.587043658,1,1,7155.20127922405,2838.55310824931,1,61302000211,61302000210751
17.5,0.0,0.0,1469.9999999997672,6.9374999997126,21.719999313354492,-0.03599999745871076,-0.000244443681635834,1650.000000000418,186.93750000036334,18.649999618530273,-0.0006666819254956974,-2.222273085118885e-05,2639.9999999994743,1176.9374999994197,21.90999984741211,0.00433330535889135,0.000133332146539011,1289.9999999999475,173.0625000001071,20.209999084472656,-0.0033333460489885862,-0.00010000016954200174,600.0000000011098,863.0624999989448,94.0,663.805555555556,1.05729331586141,94.0,174885.385139346,1,1,7156.14577762901,2838.55310824931,1,61302000211,61302000210741
17.5,0.0,0.0,1290.0000000000864,7.645161290537999,21.719999313354492,0.00799999237083933,0.0002333344353716459,1169.9999999990716,112.35483871047677,19.270000457763672,-0.00466664632170882,-0.0002999983893590617,179.99999999901914,1102.3548387105293,24.59000015258789,0.0,0.0033333333334176637,1439.9999999995507,157.6451612900023,18.649999618530273,-0.0010000228881823356,-3.333409627270258e-05,2430.0000000000364,1147.645161290488,84.0,0.0,1.05729331586141,84.0,174685.212431088,1,1,7156.93285963314,2838.55310824931,1,61302000211,61302000210731
17.5,0.0,0.0,2190.000000000009,13.941532257577819,23.170000076293945,0.18900000253847604,0.006300000084460686,2310.0000000000914,106.05846774250449,18.790000915527344,-0.0003332773844487884,2.1192756125294784e-09,2969.999999999019,766.0584677414322,23.43000030517578,0.030333328246322906,0.0017888874477125958,2069.999999999647,133.9415322579398,20.15999984741211,0.0,3.333409627452414e-05,959.9999999992726,1243.9415322583143,146.0,169.25,1.95566955271517,146.0,173693.000133505,1,1,7161.18310245544,1476.97414478002,1,61302000211,61302000210681
17.5,0.0,0.0064777776930487535,1740.0000000001264,6.821210263296962e-13,21.360000610351562,-0.011666615804093226,-0.0007777743869419475,1860.0000000000186,119.9999999998929,18.959999084472656,0.002333323160884396,0.00011111153497194629,2969.9999999997976,1229.999999999672,,,,,,,,,,,116.0,715.25,1.95566955271517,116.0,173499.451082331,1,1,7162.1276008604,1476.97414478002,1,61302000211,61302000210671
17.5,0.0,0.005088888804134038,1469.999999999766,2.092741934916603,22.079999923706055,0.0,-0.0003777779473243222,1409.9999999998615,57.9072580649879,20.989999771118164,-0.0006666819254584602,-3.333409627305952e-05,1050.0000000001141,417.9072580647353,,,,,,,,,,,97.5,386.0,1.79541385742412,97.5,172881.267034342,1,1,7165.11851247609,1754.5196918205,1,61302000211,61302000210641
17.5,0.0,0.003044444190034797,1020.0000000010497,0.737903225735522,20.399999618530273,0.018333307901180637,0.0007333310444516135,930.0000000020663,90.73790322471893,18.65999984741211,-0.0006666819254220367,-2.2222730846278138e-05,390.00000000148935,630.7379032252959,,,,,,,,,,,67.0,115.6,1.79541385742412,67.0,172255.091831407,1,1,7167.95200769096,1754.5196918205,1,61302000211,61302000210611
17.5,0.0,0.003022221459092491,1020.0000000022947,7.288306449276433,21.110000610351562,0.059000015260597186,0.0020222218832585117,929.9999999994634,97.28830645210769,18.5,-0.0006666819254761174,-2.2222730849883523e-05,479.99999999927195,547.2883064522991,25.010000228881836,0.01633332570596095,-0.007255556318595545,1109.9999999986067,82.71169354703557,20.809999465942383,0.001666641235350855,0.00013333214653610254,1619.9999999997542,592.7116935481831,67.0,100.979591836735,1.79541385742412,67.0,172086.471101342,1,1,7169.05392249675,1754.5196918205,1,61302000211,61302000210601
17.5,0.0,0.0,1229.99999999998,8.207661289915904,22.84000015258789,-0.017000007628715258,-0.0011333338419175073,1140.0000000008536,81.79233870921053,18.1299991607666,-0.0020000457764554483,-6.666819255145698e-05,599.9999999998879,621.7923387101762,23.209999084472656,0.009333292643126526,-0.005722223917700555,1320.000000000017,98.20766128995297,20.299999237060547,-0.0040000279745072784,0.0002333323160792388,1920.00000000069,698.207661290626,80.0,85.0,1.79541385742412,80.0,171874.094609494,1,1,7169.9984209017,1754.5196918205,1,61302000211,61302000210591
17.5,0.0,0.0,1260.000000000835,9.477822580650809,21.34000015258789,-0.0010000228882171473,-0.00020000245836522461,1140.000000000257,110.52217741992717,17.610000610351562,0.0006666819254600077,2.222273084880954e-05,390.00000000051745,860.5221774196666,22.3799991607666,0.16266663868960884,0.005422221289566587,1320.0000000010539,69.47782258086977,20.350000381469727,0.0010000228881698753,0.0002333344353532129,1980.0000000006962,729.4778225805121,84.0,12.96,1.79541385742412,84.0,171682.340723136,1,1,7170.78550290583,1754.5196918205,1,61302000211,61302000210581
17.5,0.0,0.00420000076287095,1260.0000000002278,1.5006662579253316e-10,21.510000228881836,0.009666697184099507,0.00032222323946514076,1080.0000000003347,179.99999999974307,18.079999923706055,0.002333323160920937,0.00021110958523860648,389.99999999960005,870.0000000004777,22.479999542236328,0.009999974568534601,0.0024999978806431755,1380.0000000002692,120.00000000019145,20.030000686645508,-0.0019999821980868546,-1.1111365421428452e-05,1859.99999999931,599.9999999992322,84.0,70.56,1.68286429214148,84.0,171478.223530141,1,1,7171.57258490996,1922.66978532014,1,61302000211,61302000210571
17.5,0.0,0.0,1920.000000001295,1.8991935467386156,21.31999969482422,0.1273333231609733,0.00424444410537131,2009.9999999996865,88.10080645165294,19.5,0.0003333409627373589,3.333409627347736e-05,2459.9999999995202,538.1008064514867,21.950000762939453,0.006666692097840243,1.1111365419033458e-05,1830.0000000010634,91.89919354697008,16.06999969482422,-0.0003333409627259732,7.749877128882414e-17,209.99999999993605,1711.8991935480974,127.0,177.84,1.23266603101091,127.0,171282.121724658,1,1,7172.35966691409,2595.27015931869,1,61302000211,61302000210561
17.5,0.0,0.005022222730626801,1650.0000000008497,5.927419354243057,24.84000015258789,0.24466667174703097,0.008155555724704408,1709.9999999994898,54.07258064439702,19.309999465942383,-0.001000022888159484,5.5554707843278095e-05,2070.0000000004193,414.0725806453265,23.1200008392334,0.031333351134817417,0.0010222223069643408,1439.999999999326,215.9274193557667,16.290000915527344,0.0,-7.77795579692489e-05,60.00000000022609,1595.9274193548667,108.0,0.0,1.23266603101091,108.0,171089.45298309,1,1,7173.30416531905,2595.27015931869,1,61302000211,61302000210551
17.5,0.0,0.0,2280.0000000007553,10.040322581113742,23.059999465942383,0.013333320617513083,-0.00022222306993110706,2100.000000001115,169.95967741852655,16.030000686645508,-0.001999982198066429,-0.0001444435119625941,540.000000000181,1729.9596774194606,,,,,,,,,,,150.0,214.222222222222,1.23266603101091,150.0,170876.105367285,1,1,7174.24866372401,2595.27015931869,1,61302000211,61302000210541
17.5,0.0,0.0060111109414906485,2549.99999999935,11.667338709259184,20.739999771118164,0.0003333409627205885,-0.003577777014903058,2670.000000000142,131.6673387100509,18.639999389648438,0.0,2.2222730847540007e-05,3300.0000000000477,761.6673387099568,22.719999313354492,0.0,-0.001144443088057313,2279.999999999934,258.3326612901569,15.729999542236328,-0.0006666819254405441,1.1110305785679235e-05,540.0000000007069,1998.332661289384,167.5,125.138888888889,1.23266603101091,167.5,170671.540309647,1,2,7175.19316212896,2595.27015931869,1,61302000211,61302000210531
17.5,0.0,0.005455555385997908,2099.9999999994147,5.836693548961648,20.219999313354492,-0.00033334096272217504,-0.0030444441901208447,2190.0000000000828,84.16330645170638,18.649999618530273,-0.0006666819254234919,4.444334242265512e-05,2670.000000000096,564.1633064517196,,,,,,,,,,,135.0,381.714285714286,1.23266603101091,339.0,170490.352064076,2,2,7176.29507693474,2595.27015931869,1,61302000211,61302000210521
17.5,0.0,0.006155556572901561,1529.9999999988358,5.159274193975534,19.860000610351562,-0.003999964396011093,-0.0028888871933454626,1619.999999999539,84.84072580672773,18.6200008392334,-0.0013333002726162503,2.2222730850031852e-05,1979.9999999986392,444.8407258058278,,,,,,,,,,,102.0,294.472222222222,1.23266603101091,102.0,170279.16381838,1,1,7177.2395753397,2595.27015931869,1,61302000211,61302000210511
17.0,0.0,0.0060888883802385895,1350.0000000004366,8.685483870506232,22.479999542236328,0.0,1.1111365424252216e-05,1290.0000000003183,68.68548387062447,20.149999618530273,0.0019999821980702715,0.0001666662428123291,960.0000000006228,398.68548387032,20.56999969482422,-0.03833332061699855,-0.006522221035313723,1440.000000000509,81.3145161295663,18.75,-0.0006666819254419197,2.2220611571615904e-05,1830.000000000689,471.31451612974615,90.0,245.222222222222,1.23266603101091,90.0,170087.773665746,1,1,7178.18407374466,2595.27015931869,1,61302000211,61302000210501
17.0,0.0,0.0,1919.9999999993947,3.53225806483465,22.010000228881836,0.03700002034435578,0.0007333352830311704,1829.9999999998977,93.5322580643317,20.059999465942383,0.0006666183471833734,0.00011110941569182034,1439.999999999363,483.5322580648665,,,,,,,,,,,127.0,20.1388888888889,1.38558210482827,127.0,169879.189551132,1,1,7179.12857214961,2461.2285026322,1,61302000211,61302000210491
17.0,0.0,0.005833333333257245,2069.999999999871,1.0095391189679503e-10,20.600000381469727,0.0,-0.004000000423776126,2159.9999999997344,89.99999999976262,19.940000534057617,-0.00033334096272344334,-1.1111365423967403e-05,2370.0000000000186,300.00000000004684,22.25,0.044333330791665806,0.0031111102634856043,2009.9999999994795,60.000000000492264,19.5,-0.0013333638509188356,3.333197699502146e-05,1620.0000000000323,449.9999999999395,138.0,84.0,2.15016247391507,138.0,169679.973330572,1,1,7180.07307055457,1791.02021919976,1,61302000211,61302000210481
17.0,0.0,0.0,2460.000000000066,12.864919354557514,20.65999984741211,0.001999982198048929,0.0001444435119582637,2310.00000000062,137.1350806448886,17.020000457763672,0.0,8.888880411759534e-05,1410.000000000496,1037.1350806450125,,,,,,,,,,,162.0,50.16,2.15016247391507,162.0,169475.40768578,1,1,7180.8601525587,1791.02021919976,1,61302000211,61302000210471
17.0,0.0,0.0,1770.0000000001507,7.850806451911694,20.729999542236328,-0.005333328247281153,-0.0005666648017072137,1649.9999999999134,112.14919354832568,16.25,0.003666687011856993,5.555682712695847e-05,929.9999999990351,832.1491935492039,22.030000686645508,0.1676666895428161,0.005588889651026065,1860.000000000808,97.85080645256903,20.290000915527344,0.003000005086146287,0.00015555487737778316,2219.999999999933,457.8508064516941,118.5,486.472222222222,2.15016247391507,118.5,169286.171788783,1,1,7181.80465096366,1791.02021919976,1,61302000211,61302000210461
17.0,0.0,0.004966665903806659,660.0000000003746,12.006048387448459,22.209999084472656,-0.0036666870117466653,-0.006033333672511506,749.9999999996734,77.99395161185032,20.170000076293945,-0.001333300272634167,-5.5552588569666386e-05,1170.00000000008,497.993951612257,22.549999237060547,0.006666628519745952,-0.002411113315114402,570.0000000010917,102.00604838673132,16.790000915527344,0.004000027974478725,-0.001950014962107714,29.999999999759176,642.0060483880638,45.0,288.555555555556,2.15016247391507,45.0,169075.498915037,1,1,7182.74914936861,1791.02021919976,1,61302000211,61302000210451
17.0,0.0,0.004388889736543975,1199.9999999998045,1.167338709685282,21.510000228881836,0.004333368937239772,0.00014444563124350212,1319.99999999971,121.16733870959092,18.719999313354492,-0.000666681925423795,1.802525865750468e-15,2400.000000000707,1201.167338710588,21.489999771118164,0.007333310445154936,-0.0018555577595716964,1049.9999999992526,148.83266129086655,16.25,0.002333323160828088,-2.2090980665313205e-15,59.999999998613156,1138.832661291506,82.0,25.8055555555556,2.15016247391507,82.0,168892.593780267,1,1,7183.69364777357,1791.02021919976,1,61302000211,61302000210441
17.0,0.0,0.004855556487953535,1230.0000000007738,13.23387096715237,21.399999618530273,0.0,-0.00027777777777393135,1349.9999999998556,106.7661290319295,19.81999969482422,-0.0010000228881595673,-2.2222730847226137e-05,1980.00000000009,736.7661290321639,22.829999923706055,0.023999977112141458,0.00044444402060910855,1139.9999999994357,103.23387096849046,19.5,-0.02366663614932944,-0.0010111088223110894,689.9999999994641,553.233870968462,84.0,711.36,2.15016247391507,84.0,168671.431031812,1,1,7184.4807297777,1791.02021919976,1,61302000211,61302000210431
17.0,0.0,0.0,1860.000000000145,6.816532258113966,20.34000015258789,0.0023333231607588893,-0.0001666683620883641,1740.0000000002274,113.18346774180372,19.459999084472656,0.0013333002726264869,3.333197699670217e-05,1410.0000000000489,443.1834677419822,,,,,,,,,,,123.0,45.1388888888889,2.15016247391507,123.0,168273.680492661,1,1,7186.52714298844,1791.02021919976,1,61302000211,61302000210411
17.0,0.0,0.005233332316145858,1679.9999999999247,6.74395161287589,22.06999969482422,0.007333310445155576,-0.005144445631204697,1800.0000000002035,113.25604838740287,19.65999984741211,-0.0010000228881798345,-2.222273084817701e-05,2370.0000000002574,683.2560483874568,21.709999084472656,0.007333310445155576,-0.0009444448682913147,1620.000000000298,66.74395161250254,19.540000915527344,0.0006666819254557241,2.2222730848523968e-05,1260.0000000002742,426.7439516125264,115.0,40.5714285714286,2.15016247391507,115.0,168088.398014464,1,1,7187.62905779422,1791.02021919976,1,61302000211,61302000210401
17.0,0.0,0.0,1320.0000000000064,11.068548387051578,21.079999923706055,0.0013333002726495977,-0.00444444656375412,1409.9999999994798,101.06854838652498,19.3799991607666,0.0013333002726220204,0.0001222207811132547,1770.0000000001846,461.06854838722984,20.280000686645508,0.006000010172562422,0.00033333248562776233,1229.9999999996928,78.93145161326197,19.6200008392334,0.00033334096273110475,4.444334242104409e-05,809.999999999953,498.93145161300174,85.5,425.333333333333,2.15315120661307,85.5,167866.412829397,1,1,7188.57355619918,1862.98111469282,1,61302000211,61302000210391
17.0,0.0,0.0,1469.999999999781,8.322580645503194,21.719999313354492,0.014000002542900514,0.0005555555555400231,1349.999999999859,128.3225806454252,19.93000030517578,-0.0039999643960780314,-0.00013333214653324027,990.0000000004267,488.32258064485757,,,,,,,,,,,96.0,136.138888888889,2.15613993931108,96.0,167677.332892382,1,1,7189.51805460413,1934.94201018588,1,61302000211,61302000210381
17.0,0.0,0.005477778116844044,930.000000000855,12.374999999387114,19.700000762939453,0.009333356221394726,-0.0023777770995984573,1050.0000000005568,107.62500000031469,18.75,-0.0003333409627298655,2.2222730848846928e-05,1320.0000000003395,377.6250000000973,21.90999984741211,-0.00033334096273424254,-0.0005555555555634269,839.99999999997,102.37500000027217,19.739999771118164,-0.0003333409627291505,3.3334096273383196e-05,330.0000000004035,612.3749999998387,63.0,187.333333333333,2.15613993931108,63.0,167478.87569137,1,1,7190.46255300909,1934.94201018588,1,61302000211,61302000210371
17.0,0.0,0.010600001017100843,960.0000000006639,5.249999999918828,20.100000381469727,0.0,-0.0034444448683528606,1020.0000000002009,65.24999999945578,18.959999084472656,-0.0006666819254476295,1.111136542460735e-05,1320.0000000008176,365.25000000007253,,,,,,,,,,,63.0,208.25,2.15613993931108,63.0,167294.18733274,1,1,7191.40705141404,1934.94201018588,1,61302000211,61302000210361
17.0,0.0,0.0,1019.999999999146,10.403225806020032,19.729999542236328,0.006000010172588342,0.0002111117045134755,1139.9999999989366,130.40322580581062,18.690000534057617,-0.0006666183471932559,-2.2220611573951438e-05,1499.9999999990932,490.4032258059673,,,,,,,,,,,65.0,176.805555555556,2.15613993931108,65.0,167071.584946818,1,1,7192.351549819,1934.94201018588,1,61302000211,61302000210351
17.0,0.0,0.009722222221505995,1470.0000000020887,4.451612904375452,19.719999313354492,0.09066664378252984,0.0030222214595525534,1500.0000000007497,34.45161290303645,18.309999465942383,-0.0010000228881976913,-1.1111365425707274e-05,2250.000000000697,784.4516129029839,,,,,,,,,,,96.0,227.805555555556,2.15613993931108,96.0,166685.668164913,1,1,7194.24054662891,1934.94201018588,1,61302000211,61302000210331
17.0,0.0,0.0,1950.0000000008688,7.064516128485366,19.280000686645508,0.0,-0.0025333340963625104,2009.9999999998063,52.93548387045212,17.850000381469727,-0.00033334096273520135,-1.111136542475127e-05,3059.9999999999727,1102.9354838706186,,,,,,,,,,,127.0,0.0,2.15613993931108,127.0,166471.94617336,1,1,7195.02762863304,1934.94201018588,1,61302000211,61302000210321
17.0,-0.23499997456997618,-0.007833332485708916,1560.0000000004716,6.919354839039897,19.6200008392334,-0.008666610717792223,-0.003488886091489111,1649.9999999998977,96.919354838466,17.950000762939453,-0.0009999593098820399,2.1192769013499865e-09,2430.000000000422,876.9193548389903,,,,,,,,,,,105.0,70.56,2.15613993931108,105.0,166267.828893302,1,1,7195.81471063717,1934.94201018588,1,61302000211,61302000210311
17.0,0.0,0.003822222815604916,2130.000000000068,3.762096774146812,20.260000228881836,0.019666671752915678,-0.002311111026336767,2220.000000000244,86.23790322602918,19.190000534057617,-0.0016666412353609605,-7.777743869456066e-05,2729.9999999999177,596.2379032257027,20.440000534057617,0.006000010172499393,0.0004000006781691001,2069.999999999953,63.76209677426186,19.520000457763672,0.0,-2.2222730848273852e-05,1710.0000000003806,423.7620967738344,142.0,158.775510204082,2.15613993931108,142.0,165892.925146814,1,1,7197.86112384791,1934.94201018588,1,61302000211,61302000210291
16.5,0.0,0.004799999660750271,1890.0000000011185,6.550403224580123,20.110000610351562,-0.03433329264333299,-0.006299997965499447,2009.999999999807,113.44959677410839,17.309999465942383,-0.0016667048136389693,0.00016666412353580636,3809.9999999997826,1913.449596774084,21.139999389648438,0.05166664123638771,0.0017999988132756618,1799.9999999997854,96.55040322591321,16.760000228881836,-0.0013333002726407133,-0.00015555275811234066,59.9999999999157,1836.550403225783,127.0,293.555555555556,1.09601487016526,127.0,165283.238624053,1,1,7200.69461906278,1919.70840597009,1,61302000211,61302000210261
16.5,0.0,0.002622222900385915,1679.9999999972154,14.83064516301306,16.5,-0.07866668700913293,-0.0027888912623059777,1649.9999999981476,44.83064516208083,15.84000015258789,0.0,-7.777743869377881e-05,239.99999999813218,1454.8306451620963,20.329999923706055,0.010999997456555267,0.00036666658187473484,1919.9999999988547,225.1693548386263,18.260000228881836,-0.003333346048892306,-2.119269642929945e-09,3179.999999998039,1485.1693548378107,115.0,218.204081632653,1.09601487016526,115.0,164890.77987798,1,1,7202.58361587269,1919.70840597009,1,61302000211,61302000210241
16.5,0.0,0.0,1980.0000000003663,5.709677419216177,20.229999542236328,-0.01099999745698529,-0.000866665310332695,1499.9999999989477,485.70967742063476,16.049999237060547,0.002999973297057557,0.0003555552164653635,509.99999999920647,1475.709677420376,19.959999084472656,0.001999982198036681,-2.2222730850417378e-05,2249.999999999419,264.29032257983636,18.440000534057617,0.0023333231608241626,0.0001111094156908141,3030.000000000455,1044.2903225808727,136.5,114.0,1.04470564809804,136.5,164671.470349152,1,1,7203.52811427765,1434.993695086,1,61302000211,61302000210231
16.5,0.0,0.0,2220.0000000007985,10.04032257992867,19.989999771118164,0.006333351135107743,2.1192686728863425e-09,1680.0000000002308,550.0403225804964,15.069999694824219,0.0013333320616687693,4.444440205233201e-05,210.00000000248218,2020.040322578245,19.90999984741211,-0.0040000279741224075,-0.0006444464788776565,2400.0000000027135,169.95967742198627,18.100000381469727,0.0013333638508899533,0.0001555569966611508,3630.0000000015107,1399.9596774207835,151.0,99.8055555555556,1.01905103706442,151.0,164487.376967806,1,1,7204.47261268261,1192.63633964395,1,61302000211,61302000210221
16.5,0.0,0.0,1919.999999999694,4.850806451543349,20.5,0.13333333333663377,0.004444444444664474,1980.0000000001112,64.85080645196058,17.329999923706055,-0.0019999821979992103,-7.777743868800999e-05,3630.0000000007376,1714.850806452587,16.5,-0.16500002542422196,-0.005744446648019349,1860.0000000009627,55.149193547187906,15.869999885559082,0.001666673024531889,5.555576748561117e-05,420.00000000058697,1495.1491935475638,126.0,1223.66666666667,1.01905103706442,126.0,164289.350360992,1,1,7205.41711108756,1192.63633964395,1,61302000211,61302000210211
16.5,0.0,0.0,1170.0000000010193,10.070564516767035,19.969999313354492,0.11566664377608805,0.003855554792456435,1230.00000000108,70.07056451682774,18.0,-0.0003333409627330438,1.1111365423415967e-05,1620.0000000007417,460.0705645164894,20.950000762939453,0.0033333460488429783,3.3334096265291e-05,1050.000000000945,109.92943548330732,17.25,-0.0006666819254660888,0.00015555487739114836,329.99999999960113,829.9294354846511,76.0,879.222222222222,1.1134533354424,76.0,164084.786012687,1,1,7206.36160949252,1138.87877824436,1,61302000211,61302000210201
16.5,0.0,0.0,1620.000000000221,2.516129031668015,20.68000030517578,0.01333332061754552,-0.0037555567422546936,1740.0000000001564,117.48387096826741,17.520000457763672,-0.001999982197993996,-7.77774386872979e-05,2310.0000000004234,687.4838709685343,20.280000686645508,0.0,-0.0009666675991475538,1379.9999999994677,242.5161290324213,17.15999984741211,0.0003333409627424623,1.1111365425235335e-05,779.9999999988553,842.5161290330337,102.0,578.888888888889,1.20785563382037,102.0,163888.476294592,1,1,7207.30610789748,1085.12121684476,1,61302000211,61302000210191
16.5,0.0,0.0,1500.0000000014893,6.374999999148713,19.690000534057617,0.004999987284747551,4.444334244643971e-05,1290.0000000004707,216.37500000016735,16.790000915527344,-0.0009999593099502492,-1.1109246150025145e-05,539.9999999996561,966.3750000009819,,,,,,,,,,,93.0,265.551020408163,1.20785563382037,93.0,163691.666780929,1,1,7208.40802270326,1085.12121684476,1,61302000211,61302000210181
16.5,-0.08066666921190378,-0.002588888804254627,1230.0000000001849,3.955645161658367,19.200000762939453,0.0,-0.0004666667514554016,1109.9999999999611,123.9556451618821,15.550000190734863,0.0,-1.1111365424367282e-05,120.0000000001625,1113.9556451616806,,,,,,,,,,,84.0,218.16,1.17506107395482,84.0,163465.126576781,1,1,7209.19510470739,1132.54039094446,1,61302000211,61302000210171
16.5,0.0,0.0,1500.000000000251,11.879032258453435,18.489999771118164,-0.006333351135242914,-0.0004000006781627725,1289.9999999997747,198.1209677420229,15.630000114440918,0.0023333231607539596,9.999910990054674e-05,360.00000000017513,1128.1209677416225,19.729999542236328,0.00866667429610409,-0.003011110094168011,1589.999999999212,101.87903225741434,17.600000381469727,-0.0009999593098689663,2.2224850126604013e-05,1889.9999999997242,401.8790322579266,101.0,248.0,1.0438828344926,101.0,163285.420702506,1,1,7210.29701951317,1322.21708734325,1,61302000211,61302000210161
16.5,0.0,0.0,899.9999999988528,7.276209677972588,18.469999313354492,0.06566664377764048,0.0021888881258932628,989.9999999999474,82.72379032312199,16.8700008392334,-0.0003332773844567603,6.667031182368226e-05,1469.9999999992497,562.7237903224243,,,,,,,,,,,63.0,70.8055555555556,1.0438828344926,63.0,163060.960510033,1,1,7211.24151791813,1322.21708734325,1,61302000211,61302000210151
16.5,0.0,0.002600000169658936,1440.0000000008163,4.49999999962256,19.0,0.0023333231610089132,-1.1111365412181598e-05,1319.999999999676,124.50000000076284,15.90999984741211,-0.00033334096272495727,7.777743869228909e-05,360.0000000004262,1084.5000000000127,19.959999084472656,0.042333285013399245,-0.0010222244263263136,1500.000000000474,55.50000000003524,16.190000534057617,0.002333323160717808,0.00044444402059941763,2490.0000000008986,1045.5000000004597,94.0,107.472222222222,1.0438828344926,94.0,162876.867129641,1,1,7212.18601632308,1322.21708734325,1,61302000211,61302000210141
16.5,0.0,0.0028555552163680325,1619.9999999993288,14.370967741940149,18.260000228881836,0.0,-0.0019555558099159575,1709.9999999994773,75.62903225820833,15.609999656677246,0.0003333091735939224,8.888774448241607e-05,2759.999999997766,1125.6290322564969,19.299999237060547,0.010999997456165844,0.0003222232394308853,1439.999999999905,194.37096774136398,15.640000343322754,0.0003333409627172182,5.555576748367118e-05,569.9999999992081,1064.3709677420609,108.0,101.265306122449,1.02609648049703,108.0,162688.151723899,1,1,7213.28793112887,1665.70128337872,1,61302000211,61302000210131
16.5,0.0,0.0,1890.0000000010784,11.298387096919441,19.09000015258789,0.010333315530888816,0.0005111100938123881,1710.0000000016055,168.7016129025535,15.420000076293945,0.00033334096274295876,3.333409627504358e-05,869.9999999996477,1008.7016129045113,,,,,,,,,,,123.0,45.3877551020408,1.0189819388988,123.0,162474.586984895,1,1,7214.38984593465,1803.0949617929,1,61302000211,61302000210121
16.0,0.0,0.004622222052677494,1739.9999999998809,7.953629032713934,20.170000076293945,0.006333351135252898,-0.0001777776082356205,1619.999999999824,127.95362903277078,15.180000305175781,0.0,0.00011111047532811476,810.0000000013137,937.9536290312811,,,,,,,,,,,115.5,169.805555555556,1.0189819388988,115.5,162261.616369192,1,1,7215.3343443396,1803.0949617929,1,61302000211,61302000210111
16.0,0.0,0.0,1829.9999999981173,1.9354838719225427,20.530000686645508,0.0030000050862185467,-0.00013333426581055893,1709.9999999991685,121.9354838708714,14.75,-0.0006666819254255989,4.444334242476437e-05,689.9999999994158,1141.935483870624,,,,,,,,,,,121.0,51.9183673469388,1.0189819388988,121.0,162078.645754375,1,1,7216.43625914539,1803.0949617929,1,61302000211,61302000210101
16.0,0.0,0.0,1529.9999999993754,10.463709677462475,19.270000457763672,0.0013333638509186233,2.2222730847996954e-05,1439.9999999990239,79.53629032288904,14.670000076293945,0.0026666641235565595,6.666607326979498e-05,389.9999999990975,1129.5362903228154,,,,,,,,,,,97.5,133.333333333333,1.03304784147649,97.5,161862.770005168,1,1,7217.38075755034,1769.18746738556,1,61302000211,61302000210091
16.0,0.0,0.0028666665819873905,2279.999999998907,1.6570993466302752e-09,19.809999465942383,0.013333320617231746,-0.0007000011868053546,1860.0000000002447,420.00000000031923,14.40999984741211,-0.00033334096271528927,-1.1111365423423799e-05,810.0000000000571,1470.0000000005068,19.979999542236328,0.1326666514030673,0.004422221713275234,2340.0000000001764,59.999999999612555,15.3100004196167,-0.0016666412353794785,-2.222061157180692e-05,3389.999999998819,1109.9999999982551,152.5,117.0,1.10337735436496,152.5,161668.540913645,1,1,7218.3252559553,1599.64999534881,1,61302000211,61302000210081
16.0,0.0,0.0,2010.0000000000266,8.915322580224938,18.709999084472656,-0.00633335113525813,-0.00028888914320231564,1860.000000000074,141.08467741972777,14.5,0.0,1.1111365423593953e-05,810.0000000005542,1191.0846774192473,,,,,,,,,,,135.0,177.333333333333,1.10337735436496,135.0,161465.69274355,1,1,7219.26975436026,1599.64999534881,1,61302000211,61302000210071
15.5,0.0,0.00432222154412425,1619.999999998133,13.475806452367578,19.799999237060547,0.013333320617973389,0.0006333329942665215,1529.9999999975357,103.47580645296489,14.5600004196167,-0.0006666501363267301,5.555576748352747e-05,359.99999999791766,1273.475806452583,18.049999237060547,-0.0173333485915106,-0.003988889058455095,1739.9999999979514,106.52419354745075,16.579999923706055,-0.0013333638508631934,4.44433424201729e-05,2129.999999998766,496.5241935482652,108.0,84.1224489795918,1.10337735436496,108.0,161279.882474804,1,1,7220.37166916604,1599.64999534881,1,61302000211,61302000210061
15.5,0.0,0.0028333324856977316,1350.0000000002356,5.008064515729529,18.729999542236328,-0.00466670989982064,-0.0002888912624661901,1020.0000000004866,335.0080645154785,14.859999656677246,0.0016666412353620545,-1.0596384831934339e-09,59.99999999943121,1295.008064516534,,,,,,,,,,,84.0,20.0,1.1226494725883,84.0,160889.277468254,1,1,7222.10324957512,1398.97201907776,1,61302000211,61302000210041
15.5,0.0,0.0,1259.9999999999081,4.989919354766698,19.229999542236328,0.01833330790173623,0.0005999988979575771,929.9999999998591,334.9899193548157,14.4399995803833,0.0,1.1111365424484427e-05,209.99999999987892,1054.9899193547958,,,,,,,,,,,73.5,383.888888888889,1.13228553169997,73.5,160667.719615752,1,1,7223.04774798008,1298.63303094224,1,61302000211,61302000210031
15.5,0.0,0.0,1200.0000000013351,11.564516127631578,20.200000762939453,0.016000048319142295,-0.004155553181922597,1350.0000000009281,138.43548387196142,17.0,0.0,0.0,1889.9999999997983,678.4354838708316,23.040000915527344,0.0,0.0018777762519320317,1049.9999999998836,161.56451612908313,14.34000015258789,0.0,1.111136542412002e-05,240.00000000064497,971.5645161283218,73.5,577.916666666667,1.13228553169997,73.5,160463.154553015,1,1,7223.99224638504,1298.63303094224,1,61302000211,61302000210021
15.0,0.0,0.0051222229004066686,510.00000000011147,1.3427419352747734,19.610000610351562,0.005000050862659464,-7.777531942193552e-05,420.00000000038096,91.34274193500528,17.780000686645508,0.002333386739098706,0.0002555592854821903,89.99999999973049,421.34274193565574,18.399999618530273,0.11333332062420565,0.0037777773543578503,600.0000000005541,88.65725806516787,16.010000228881836,-0.003000005086047641,-6.666819253362646e-05,1020.00000000184,508.6572580664538,42.0,190.489795918367,1.18289358641248,42.0,159884.116297843,1,1,7226.98315800073,838.264208529595,1,61302000201,61302000200981
15.0,0.0,0.0,1080.0000000000482,5.47983871006727,17.719999313354492,0.02299995422436879,0.0007444424099883668,1349.999999999241,275.4798387092601,16.459999084472656,-0.001333363850882748,0.00013333214654478816,1650.0000000000164,575.4798387100354,20.979999542236328,0.008333333333414019,-0.0006666670905137549,899.9999999996164,174.5201612903645,17.899999618530273,0.0033333460489599564,0.0002888891432000499,299.99999999983856,774.5201612901424,58.5,137.0,1.19981890597691,58.5,159666.819228617,1,1,7227.92765640569,896.676183157745,1,61302000201,61302000200971
15.0,0.0,0.0,1770.0000000006999,9.77419354816584,19.479999542236328,-0.0066666920979745956,-0.0005111122131376964,1559.9999999997922,200.22580645274184,14.369999885559082,0.0006666501363224165,3.333197699697674e-05,480.0000000003567,1280.2258064521773,19.049999237060547,0.0016666412352635575,-0.004388889736503059,1890.0000000013038,129.77419354876974,16.469999313354492,-0.0006666819254795685,2.2222730846797572e-05,2219.99999999974,459.77419354720587,94.5,245.0,1.23366954510579,94.5,159470.277715161,1,1,7228.87215481064,1013.50013241405,1,61302000201,61302000200961
15.0,0.0,0.0,1259.999999998636,3.266129033497009,19.68000030517578,0.00799999237051276,0.00015555487738325946,1140.0000000003304,123.26612903180262,14.829999923706055,0.0009999910989981651,3.333303663188722e-05,150.00000000133008,1113.2661290308029,,,,,,,,,,,61.0,522.472222222222,1.23366954510579,61.0,159256.171310204,1,1,7229.8166532156,1013.50013241405,1,61302000201,61302000200951
15.0,0.0,0.0,1170.000000000102,10.58467742013977,18.799999237060547,-0.0010000228882176513,-8.888880411856947e-05,929.9999999998747,229.4153225800876,17.459999084472656,-0.005333391825521046,-0.0003666687011886908,359.9999999993303,799.4153225806319,,,,,,,,,,,58.5,78.2222222222222,1.26014676201497,58.5,159062.028189943,1,1,7230.76115162056,1096.27044759639,1,61302000201,61302000200941
15.0,0.0,0.0,1409.9999999994136,3.145161288850659,18.829999923706055,0.03033332824643464,0.001066665649372643,1019.9999999998233,386.8548387107396,17.3700008392334,0.004333368937074472,0.00011111153496014904,389.99999999951393,1016.8548387110491,,,,,,,,,,,101.0,239.888888888889,1.3925328465609,101.0,158867.204261251,1,1,7231.70565002551,1510.12202350811,1,61302000201,61302000200931
15.0,0.0,0.0,959.9999999995563,10.161290322409968,18.950000762939453,-0.0819999694836114,-0.002733332316160031,1139.9999999995134,190.1612903223671,15.079999923706055,-0.003999996185393987,-0.00013333320618284133,2369.9999999989045,1420.1612903217583,,,,,,,,,,,80.0,1189.26530612245,1.3925328465609,80.0,158679.082980255,1,1,7232.8075648313,1510.12202350811,1,61302000201,61302000200921
15.0,0.0,0.0,539.9999999994677,0.42338709625573756,20.579999923706055,0.0,-0.006199999915412965,629.9999999998429,90.4233870966309,15.09000015258789,-0.0016666730245018598,-5.555576748360922e-05,1380.0000000001721,840.4233870969601,18.6200008392334,0.0066666920979387085,-0.0006222216288348175,419.9999999995999,119.5766129036121,15.770000457763672,0.00533336003619807,-0.0026666800180996457,30.00000000009069,509.5766129031213,55.5,120.472222222222,1.3925328465609,55.5,158458.373637118,1,1,7233.75206323625,1510.12202350811,1,61302000201,61302000200911
15.0,0.0,0.0,1019.9999999996204,6.79838709710873,18.450000762939453,-0.0030000050862406926,-0.004033334520117457,1169.9999999998943,143.20161290316514,14.460000038146973,-0.0009999910990322709,-1.1110305785515704e-05,2369.999999999691,1343.201612902962,18.020000457763672,-0.020000012715489825,-0.0008888901604414589,899.999999999919,126.79838709681007,15.649999618530273,-0.003333346048991929,-0.00022222306993167665,149.99999999980838,876.7983870969208,86.0,133.0,1.3925328465609,86.0,158265.946746953,1,1,7234.69656164121,1510.12202350811,1,61302000201,61302000200901
14.5,0.0,0.0,1410.0000000004857,9.749999999826741,16.270000457763672,0.05900001525916826,0.0019666671753182487,1650.0000000004763,230.25000000016394,14.109999656677246,-0.0006666819254508582,-1.1111365423930684e-05,2520.0000000007017,1100.2500000003893,18.110000610351562,0.007666714986138577,0.00096666971842313,1110.000000000627,309.7499999996853,15.960000038146973,0.0003333409627254307,4.444440205898146e-05,180.00000000026236,1239.75000000005,94.0,0.0,1.3925328465609,94.0,158082.381124596,1,1,7235.79847644699,1510.12202350811,1,61302000201,61302000200891
14.5,0.0,0.0,1530.000000000752,1.1249999992794528,15.960000038146973,0.00566666920984688,-0.0012444443172891847,1649.999999999913,118.87499999988154,13.9399995803833,-0.0003333409627294613,4.4444402059978325e-05,2699.9999999997626,1168.8749999997312,18.1200008392334,-0.005666669209897989,-0.0003777779473300486,1349.9999999998206,181.12500000021078,15.399999618530273,-0.004000027974368943,-0.00013333426580970905,780.0000000001902,751.1249999998412,94.0,474.916666666667,1.1074533104565,94.0,157868.221231927,1,1,7236.74297485195,1734.88154094626,1,61302000201,61302000200881
14.5,0.0,0.0,1500.0000000000316,12.278225806406454,18.139999389648438,0.06533330281525855,0.0003111097547346872,1619.99999999996,132.27822580633483,14.020000457763672,-0.002666664123523353,-0.00011111153496546547,2580.000000000212,1092.2782258065868,17.8700008392334,-0.07633330027298528,-0.0032888878716669182,1289.9999999999372,197.7217741936879,14.15999984741211,-0.00033334096273156076,-1.1111365424508564e-05,299.9999999997312,1187.721774193894,90.0,392.408163265306,1.05043740323562,90.0,157678.382268438,1,1,7237.84488965773,1779.83344443389,1,61302000201,61302000200871
14.5,0.0,0.0,1109.9999999997412,10.221774193422334,17.549999237060547,0.0,-0.00023333231608289819,689.9999999996173,409.7782258067016,15.199999809265137,-0.0009999910990397905,7.777849833267273e-05,59.999999999737526,1039.7782258065813,,,,,,,,,,,67.0,8.88888888888889,1.05043740323562,67.0,157466.004714341,1,1,7238.78938806269,1779.83344443389,1,61302000201,61302000200861
14.5,0.0,0.0,1199.9999999994463,4.699596773573603,18.479999542236328,0.008666674295854025,-0.0007777765061645664,1050.0000000005589,145.30040322531386,14.630000114440918,0.0,-3.333303663452866e-05,509.9999999994983,685.3004032263744,22.010000228881836,0.041333325702382476,0.0013555547925131505,1440.0000000001353,244.69959677426255,14.140000343322754,-0.0009999910990480959,2.222273084893477e-05,2399.9999999990164,1204.6995967731436,84.0,98.0,1.05043740323562,84.0,157280.722223092,1,1,7239.73388646764,1779.83344443389,1,61302000201,61302000200851
14.5,0.0,0.0,1470.000000000507,6.774193549027132,17.31999969482422,0.0,-8.888880411858837e-05,1290.0000000000855,173.22580645139442,14.3100004196167,-0.0013333320617925437,0.00038888825311070036,689.999999999834,773.2258064516459,18.6299991607666,0.01666666666628114,-0.0034777768453175236,1590.0000000002988,126.77419354881886,14.079999923706055,-0.0009999910990455948,-3.333303663504921e-05,2729.9999999998845,1266.7741935484046,105.0,363.555555555555,1.042419400669,105.0,157070.048833085,1,1,7240.6783848726,1614.88313769089,1,61302000201,61302000200841
14.5,0.0,0.0,1140.0000000004627,10.965725806743876,19.799999237060547,-0.01433334350661069,-0.0019888877869550176,1349.9999999998192,220.9657258061004,13.9399995803833,-0.007000001271646397,-0.0003111108144174267,2370.000000000306,1240.9657258065872,18.280000686645508,0.06500002543164395,0.0017666678958639112,960.0000000003406,169.03427419337822,14.260000228881836,0.0010000228881714328,-2.2220611573220042e-05,510.00000000074493,619.034274192974,84.0,176.4,1.0023293878359,84.0,156860.133752691,1,1,7241.46546687673,790.131603975843,1,61302000201,61302000200831
14.5,0.0,0.0,809.9999999998566,12.74999999976751,20.75,0.01033331553148634,-0.006255556742462256,1049.9999999997099,227.25000000008572,15.319999694824219,-0.0010000228881525187,7.777637905601385e-05,1590.0000000000316,767.2500000004075,18.649999618530273,0.019666671753137993,0.0007222239176576023,659.9999999990497,162.75000000057446,14.109999656677246,0.0,0.0,119.99999999914507,702.7500000004791,63.0,470.0,1.02015124375922,63.0,156674.905452179,1,1,7242.40996528168,862.102853424296,1,61302000201,61302000200821
14.5,0.0,0.0,1260.0000000000696,11.177419354870153,17.579999923706055,0.0016666412353637647,0.001566664377857344,1470.0000000000025,198.82258064506277,14.829999923706055,0.0006666501363153555,0.0002555550469282599,2189.9999999996935,918.8225806447538,17.049999237060547,0.0,-0.00018888897366000937,1170.000000000024,101.17741935491563,13.0,0.0,-2.222273084856599e-05,90.00000000015223,1181.1774193547876,84.5,219.555555555556,1.10926052337577,84.5,156465.190612341,1,1,7243.35446368664,1221.95910066656,1,61302000201,61302000200811
14.5,0.0,0.0,959.9999999996189,12.822580644602567,17.8700008392334,0.027000045775818146,0.0005888917710562967,749.9999999997923,197.17741935522406,13.670000076293945,-0.0026666641235876245,0.0005111111535011717,89.99999999981898,857.1774193551973,21.459999084472656,0.2319999694690733,0.007733332315190825,1020.0000000010599,72.82258064604355,15.079999923706055,-0.003333346048870453,0.000344443851040433,1650.000000000507,702.8225806454907,58.5,217.888888888889,1.10926052337577,58.5,156276.474388348,1,1,7244.2989620916,1221.95910066656,1,61302000201,61302000200801
14.0,-0.0166666666673882,-0.001111111111160066,989.9999999988805,2.8306451606741803,17.68000030517578,0.018999989828296506,0.0006666649713005473,809.9999999990185,177.1693548391878,13.239999771118164,0.05000019073486328,-0.0016111172569886892,0.0,987.1693548382063,25.84000015258789,0.015666643779639593,-0.005866667429547177,1109.9999999987492,122.83064516054287,15.3100004196167,-0.0006666501362840141,1.0596387785442434e-09,1800.0000000004118,812.8306451622054,67.0,16.8055555555556,1.10926052337577,67.0,156066.845757015,1,1,7245.24346049655,1221.95910066656,1,61302000201,61302000200791
14.0,0.0,0.0,1260.0000000008251,5.806451613976151,17.299999237060547,0.011333338419557873,0.0007111125522241639,1079.999999999484,174.1935483873649,13.109999656677246,0.0006666501362688398,8.888774447231445e-05,240.00000000160256,1014.1935483852465,17.780000686645508,-0.008999951680470743,-0.00044444190130557077,1380.0000000003304,125.80645161348139,13.9399995803833,0.0,2.2222730848373396e-05,2669.9999999994225,1415.8064516125735,90.0,87.7142857142857,1.07806085355344,90.0,155874.33283578,1,1,7246.34537530234,981.868431453978,1,61302000201,61302000200781
14.0,0.0,0.0,1140.0000000003902,10.965725806358478,18.049999237060547,0.05133330027127385,0.0021444426641554605,930.0000000006163,199.0342741934154,13.0600004196167,-0.0013333320617469806,-7.777849833001596e-05,150.00000000109839,979.0342741929333,18.920000076293945,-0.14466667175100872,-0.002511111365308126,1350.0000000008713,220.9657258068396,13.989999771118164,0.0,5.555576748718448e-05,1919.9999999998429,790.9657258058112,83.5,160.555555555556,1.06558098562451,83.5,155658.522564486,1,1,7247.28987370729,885.832163768945,1,61302000201,61302000200771
14.0,0.0,0.0,930.0000000002115,8.24999999984857,17.440000534057617,-0.011333338419903435,-0.0005666669210002691,750.0000000001493,188.24999999991076,13.859999656677246,0.0009999910990430383,-0.00044999546475324367,29.999999999900254,908.2500000001597,21.639999389648438,0.0,-0.008488888210805606,1080.0000000006287,141.75000000056866,14.529999732971191,0.0006666501363016376,6.66660732704363e-05,1770.0000000003167,831.7500000002567,63.0,53.5555555555555,1.10397858653837,63.0,155464.292696501,1,1,7248.23437211225,905.019341964045,1,61302000201,61302000200761
14.0,0.0,0.0,1169.9999999991078,4.427419354724179,17.100000381469727,-0.016666666666702478,-0.0009999995761438766,989.9999999992388,184.4274193545932,13.109999656677246,0.0013333320617665667,2.2222730848555216e-05,89.99999999892232,1084.4274193549097,21.309999465942383,0.2436666488652706,0.008122221628859836,1229.999999999066,55.572580645233984,14.539999961853027,-0.0020000139872276123,0.0001222218407513726,1799.9999999986087,625.5725806447767,67.0,37.3469387755102,1.18077378836609,67.0,155275.212792509,1,1,7249.33628691803,943.393698354246,1,61302000201,61302000200751
14.0,0.0,0.0,1140.000000001809,1.2701612915495843,17.399999618530273,0.0,-0.0005222214592762285,990.0000000008105,148.72983870944893,13.630000114440918,0.0003333409627355159,2.2222730849206714e-05,539.999999999852,598.7298387104074,21.309999465942383,0.24366664887053022,0.008122221629210478,1230.0000000005605,91.27016129030108,13.920000076293945,-0.0013333320617597564,3.333303663644654e-05,1830.000000000741,691.2701612904816,67.0,80.2222222222222,1.18077378836609,67.0,155051.069133589,1,1,7250.28078532299,943.393698354246,1,61302000201,61302000200741
14.0,0.0,0.0,930.0000000007709,6.774193549066695,18.479999542236328,0.012333297729990974,0.00041110992434965866,1139.9999999997217,216.77419354801748,14.520000457763672,0.0,8.888880411946687e-05,1680.0000000003586,756.7741935486544,16.6299991607666,-0.003333346048926071,-0.0002333323160750201,810.0000000008671,113.22580645083713,12.319999694824219,0.0,-0.00010000016954085773,90.00000000100447,833.2258064506998,80.0,124.69387755102,1.27864671705737,80.0,154675.94933321,1,1,7252.32719853373,913.392552935047,1,61302000201,61302000200721
14.0,0.0,0.0,689.9999999999687,0.6834677417929242,18.149999618530273,0.007333310445347549,-0.004122223324284335,809.9999999998909,120.68346774171505,13.710000038146973,-0.000999991099018227,-3.333303663322468e-05,1470.0000000006687,780.6834677424929,18.280000686645508,0.05000000000045427,0.0009555541144613629,539.9999999997483,149.31653225842751,13.619999885559082,-0.0009999910990424563,1.1111365424695321e-05,150.00000000012525,539.3165322580505,63.0,50.0,1.27864671705737,63.0,154458.356693063,1,1,7253.27169693868,913.392552935047,1,61302000201,61302000200711
14.0,0.0,0.0,1139.9999999999932,12.816532258009829,16.959999084472656,0.010999997457131523,-2.2220611557032033e-05,869.9999999997596,257.1834677422238,13.609999656677246,0.0,1.1111365424161643e-05,390.0000000003272,737.1834677416562,17.31999969482422,0.1273333231605168,0.004244444105340877,1230.0000000001087,102.81653225812533,13.729999542236328,0.0,2.2222730848156965e-05,1890.0000000001082,762.8165322581249,80.0,87.6734693877551,1.32031026325094,80.0,154268.154139273,1,1,7254.37361174446,1031.46648110159,1,61302000201,61302000200701
13.5,0.0,0.0,1500.0000000000796,0.3024193552723773,17.139999389648438,0.02699998219833645,0.0011666658189766754,1199.999999999813,299.6975806449941,12.220000267028809,-0.0006666501363181956,1.1112425064159873e-05,269.9999999992993,1229.697580645508,13.5,0.0,0.0,1590.000000000858,90.3024193560509,13.649999618530273,-0.002666664123483174,-8.888880411437304e-05,2100.0000000005166,600.3024193557094,90.5,61.5555555555556,1.35155792289612,90.5,154052.871477155,1,1,7255.31811014942,1120.02192722649,1,61302000201,61302000200691
13.5,0.0,0.0,839.9999999993361,3.3205645152619354,16.530000686645508,0.0016667048136167555,-0.0003777758280469405,689.9999999993587,146.67943548471544,13.960000038146973,-0.0023333231609257736,1.1111365416893563e-05,419.99999999872995,416.6794354853442,,,,,,,,,,,43.5,133.805555555556,1.35155792289612,43.5,153854.700570058,1,1,7256.26260855438,1120.02192722649,1,61302000201,61302000200681
13.5,0.0,0.0,1260.000000001456,2.540322581493456,15.069999694824219,0.00033330917358250655,-0.001722223493761355,1410.0000000008,152.54032258083726,14.020000457763672,-0.000999991099033976,1.1111365425316662e-05,1950.0000000007356,692.5403225807729,16.329999923706055,-0.009666697184163981,0.00019999821982054158,1110.000000000202,147.45967741976074,12.899999618530273,0.0,0.0002111117044982109,540.0000000018467,717.4596774181159,77.0,166.805555555556,1.35155792289612,77.0,153670.607130635,1,1,7257.20710695933,1120.02192722649,1,61302000201,61302000200671
13.5,0.0,0.0035777770148230042,1560.0000000011212,2.2862903225648097,17.049999237060547,-0.009333356221870408,-0.004566667345180975,1679.999999999972,117.71370967628604,13.739999771118164,0.0,2.2222730848950096e-05,2280.0000000007253,717.7137096770393,16.75,-0.012666638691982927,-0.0010777748955778177,1470.000000000431,92.28629032325489,12.739999771118164,0.0023333231608827073,0.0002666664123624237,750.0000000001654,812.2862903235206,108.0,70.8055555555556,1.12890661467674,108.0,153474.825340114,1,1,7258.15160536429,1146.86259415801,1,61302000201,61302000200661
13.0,0.0,0.0,1529.999999998951,3.3084677412080055,16.1299991607666,0.0009999593099152882,-0.0015333355798288237,1409.9999999988938,116.69153225884907,13.15999984741211,-0.0006666819254298635,0.0004888884226394605,930.0000000009418,596.6915322568011,18.309999465942383,0.026666641235119137,-0.00412222332432476,1619.999999999764,93.3084677420211,13.510000228881836,-0.0006666501363448729,-2.222167121259656e-05,2129.9999999988795,603.3084677411366,108.0,447.673469387755,1.01758096056706,108.0,153277.326660605,1,1,7259.25352017007,1160.28292762377,1,61302000201,61302000200651
13.0,0.0,0.0,719.9999999991907,3.774193548988592,16.8700008392334,0.1290000279716005,0.004300000932291813,810.0000000002395,86.22580645206028,14.3100004196167,-0.0006666501363591062,3.333409627064063e-05,1349.9999999991333,626.225806450954,16.850000381469727,0.0786666870148388,0.0030222235787865604,569.9999999986552,153.77419354952406,13.329999923706055,0.001999982198034817,0.00022222095066108793,330.0000000007889,393.7741935473904,54.0,174.805555555556,1.01758096056706,54.0,153058.017132066,1,1,7260.19801857503,1160.28292762377,1,61302000201,61302000200641
13.0,0.0,0.0,1169.9999999978934,10.45161290401552,15.890000343322754,-0.007333342234382576,-0.0009222231971116751,1019.9999999969282,160.45161290498072,12.779999732971191,-0.00033334096273195487,2.222167121093324e-05,689.9999999972024,490.4516129047065,15.579999923706055,0.08599999745256658,0.0028666665816088222,1289.9999999983065,109.54838709639762,14.130000114440918,0.00033334096273195487,5.55557674845418e-05,1799.9999999967674,619.5483870948585,77.0,416.285714285714,1.00961188562211,77.0,152874.517873943,1,1,7261.29993338081,1023.44411207612,1,61302000201,61302000200631
13.0,0.0,0.0,1590.0000000001924,10.161290323468165,16.709999084472656,0.00399996439637125,-7.777955796488679e-05,1439.9999999987406,139.83870967798362,12.800000190734863,-0.0006666501363062531,1.1112425062187127e-05,990.000000000064,589.8387096766602,13.0,0.0,0.0,1649.9999999988831,70.16129032215895,12.789999961853027,0.0,0.00010000016954004675,2760.0000000001464,1180.1612903234222,100.0,55.5555555555556,1.00642425564413,100.0,152660.424492214,1,1,7262.24443178577,968.708585857058,1,61302000201,61302000200621
12.5,0.0,0.0,1050.0000000001853,4.500000000418822,16.690000534057617,0.007000033060893043,0.0004111120436088973,869.9999999996511,175.5000000001154,13.09000015258789,-0.0003333409627287514,3.3333036634506126e-05,420.00000000017104,625.4999999995955,16.219999313354492,0.0043333053591342865,-0.003844445546439139,1140.000000000389,94.50000000062255,14.130000114440918,-0.007999992370823505,-0.0001999992794589651,1559.999999999664,514.4999999998975,63.0,100.0,1.05879072033898,63.0,152476.925234384,1,1,7263.34634659155,1088.80942806044,1,61302000201,61302000200611
12.5,0.0,0.0,1139.9999999992335,10.112903226229946,16.469999313354492,0.02233330408822671,0.0010888883803415194,1019.9999999991586,130.11290322630487,12.619999885559082,0.003999996185351242,0.00011111047533158609,89.99999999965604,1060.1129032258075,17.579999923706055,0.012999979654351228,0.0004333326551251513,1320.0000000002865,169.88709677482302,12.65999984741211,-0.0013333320617806344,3.333409627177456e-05,2249.999999998831,1099.8870967733674,77.0,465.472222222222,1.1897068820761,77.0,152258.209829075,1,1,7264.2908449965,1389.06153356891,1,61302000201,61302000200601
12.5,0.0,0.0040555551319163274,1439.9999999987408,13.427419355540906,15.430000305175781,0.0063333511354149025,-0.002833332485680512,1560.0000000001353,106.57258064585358,12.65999984741211,-0.0013333320618053525,-3.3333036636909626e-05,2429.999999998651,976.5725806443695,15.989999771118164,-0.0013333638509055868,0.0001888868543821302,1289.9999999991348,163.42741935514687,13.069999694824219,0.003666655222447564,6.666607326286596e-05,540.0000000000653,913.4274193542165,100.5,275.0,1.1897068820761,100.5,152053.644765005,1,1,7265.23534340146,1389.06153356891,1,61302000201,61302000200591
12.5,0.0,0.004066666497106489,780.000000001042,6.1572580657664275,13.649999618530273,0.03833332061735009,0.0012777773539008135,840.0000000008414,66.15725806556577,13.010000228881836,0.0,0.0,1080.000000000222,306.1572580649463,,,,,,,,,,,54.0,62.8888888888889,1.1897068820761,54.0,151869.551382913,1,1,7266.17984180642,1389.06153356891,1,61302000201,61302000200581
12.0,-0.15266666412188054,-0.004611110687141275,1259.9999999997583,11.177419354895846,15.460000038146973,0.11533333460522777,0.003844444486851881,1349.9999999996196,78.82258064496546,13.859999656677246,-0.0036666870117291993,-0.00016666730245063868,1799.9999999996296,528.8225806449755,16.850000381469727,-0.005666669209910315,-0.0005333349439938489,1139.9999999995719,131.1774193550823,12.829999923706055,-0.000999991099039312,-3.333303663463034e-05,419.99999999997766,851.1774193546764,84.0,0.0,1.25441469782397,84.0,151668.341682723,1,1,7267.12434021137,1324.65077201991,1,61302000201,61302000200571
12.0,0.0,0.0,1800.0000000001257,12.701612903500745,17.6299991607666,0.0,-0.0009444427490576458,1589.9999999998172,222.7016129038093,12.640000343322754,-0.004666646321456413,-0.00018888791401100384,690.0000000012684,1122.7016129023582,16.290000915527344,0.0,0.00016666624282061344,2129.999999999967,317.2983870963403,13.720000267028809,0.0,-5.5555767481521585e-05,2940.000000000568,1127.2983870969415,112.0,568.0,1.5779537765633,112.0,151451.560549381,1,1,7268.06883861633,1002.59696427489,1,61302000201,61302000200561
12.0,0.0,0.0,1949.9999999991298,8.165322581155806,15.819999694824219,-0.008666674295554892,-0.002744444740956348,1830.000000002022,128.1653225782636,11.109999656677246,0.00033330917358170576,1.1110305785980904e-05,479.99999999963694,1478.1653225806488,16.1200008392334,-0.001333300272648961,-9.999805026836244e-05,2279.999999999907,321.83467741962113,12.119999885559082,-0.002000013987155125,-6.66671329028981e-05,3659.999999999912,1701.8346774196261,125.5,924.472222222222,1.5779537765633,125.5,151246.994881443,1,1,7269.01333702129,1002.59696427489,1,61302000201,61302000200551
12.0,0.0,0.0,750.0000000004068,4.0645161291871545,12.880000114440918,0.0033333460489364986,-0.00015555487737687444,510.0000000011477,235.9354838700719,12.039999961853027,-0.0003333409627238501,-5.555576748299518e-05,179.99999999983515,565.9354838713845,,,,,,,,,,,42.0,51.84,1.5779537765633,42.0,151049.582884092,1,1,7269.80041902542,1002.59696427489,1,61302000201,61302000200541
11.5,0.0,0.0,959.9999999998915,9.33870967768621,16.030000686645508,-0.0006666183471589199,-0.005077775319533465,1110.0000000000507,140.66129032247295,13.649999618530273,-0.011666679382419186,-0.0007777786255062399,1709.9999999999718,740.661290322394,16.040000915527344,0.0020000457763332323,2.119274896899176e-09,810.0000000005882,159.33870967698954,12.600000381469727,0.0016666730244209798,3.3333036630911745e-05,60.000000001645375,909.3387096759324,67.0,190.0,1.59734913932399,67.0,150875.448417844,1,1,7270.9023338312,1013.99739729973,1,61302000201,61302000200531
11.0,0.0,0.0,1139.9999999999434,8.225806452054485,16.600000381469727,0.010666656494003513,-0.005511112213105623,1290.0000000005205,141.7741935485226,12.979999542236328,0.0,7.777849833294956e-05,1950.0000000001473,801.7741935481495,,,,,,,,,,,84.0,169.2,1.71372131588816,84.0,150650.029477507,1,1,7271.68941583533,1082.39999544877,1,61302000201,61302000200521
10.5,0.0,0.000555555555551368,930.0000000002353,8.59475806472733,16.399999618530273,0.02033332188911794,-0.005200000338887919,1110.0000000007753,171.40524193581268,12.720000267028809,0.0,5.555576748137674e-05,1860.0000000010111,921.4052419360485,,,,,,,,,,,69.0,424.25,1.71372131588816,69.0,150470.908907717,1,1,7272.63391424028,1082.39999544877,1,61302000201,61302000200511
10.5,0.0,0.0,390.00000000093826,4.778225807484432,16.049999237060547,0.1849999745857156,0.006166665820091543,539.9999999994511,154.7782258059973,13.300000190734863,-0.001999982198251176,1.1112425052821163e-05,899.9999999995595,514.7782258061056,,,,,,,,,,,33.0,29.0,1.71372131588816,33.0,150263.083175739,1,1,7273.57841264524,1082.39999544877,1,61302000201,61302000200501
10.5,0.0,0.0,839.9999999995098,11.564516128536866,14.229999542236328,0.005999978383357923,0.00019999927944445618,959.9999999995313,131.56451612855835,13.300000190734863,0.0,5.555576748210266e-05,1500.0000000001999,671.564516129227,,,,,,,,,,,52.5,96.4722222222222,1.71372131588816,52.5,150065.056565358,1,1,7274.5229110502,1082.39999544877,1,61302000201,61302000200491
10.5,0.0,0.0,1410.0000000001132,3.4354838714616562,16.020000457763672,0.003333346048919414,0.00011111153496159809,1290.0000000005343,123.43548387104056,12.149999618530273,0.0,-5.555470784542893e-05,689.9999999999558,723.4354838716191,,,,,,,,,,,91.5,106.472222222222,1.62160907426126,91.5,149647.211420942,1,1,7276.56932426094,1263.82506248565,1,61302000201,61302000200471
10.5,0.0,0.0,1109.9999999995937,14.999999999759666,10.5,-0.12933333714431158,-0.0052888891429574885,1049.9999999997588,74.99999999959459,11.489999771118164,-0.0003333409627291221,-6.666713290512662e-05,270.00000000068803,854.9999999986653,17.309999465942383,0.0073333104449688265,0.00024444368149293045,1350.000000001795,225.00000000244154,13.680000305175781,-0.004666646321499457,-1.1110305777368434e-05,2009.9999999997342,885.0000000003809,75.0,297.36,1.62160907426126,75.0,149447.037327396,1,1,7277.35640626507,1263.82506248565,1,61302000201,61302000200461
10.0,0.0,0.00566666709045303,1229.9999999995946,9.120967741745744,15.850000381469727,0.010000006357864322,0.0004888884226510701,1379.9999999997392,159.12096774189035,13.880000114440918,0.0016666730244525951,0.00021111170450371477,1830.000000000273,609.1209677424242,15.100000381469727,0.001000022888177159,1.111242506173059e-05,1169.9999999992299,50.87903225861896,13.789999961853027,0.013000011444051449,0.0005000008477082877,359.99999999959766,860.8790322582512,84.0,105.84,1.6012349188178,84.0,148847.241873202,1,1,7280.03248507911,1317.28200114975,1,61302000201,61302000200431
10.0,0.0,0.006199999915190417,1860.0000000005748,14.999999999640522,15.640000343322754,0.010000006358039855,-0.005599999957659313,1949.9999999998427,74.99999999962733,13.710000038146973,0.00033334096272414065,7.777849833145645e-05,2310.0000000001914,434.9999999999761,15.579999923706055,0.00033334096270785273,1.0596371540195824e-09,1770.0000000012205,104.99999999899478,15.489999771118164,0.002333323160833341,0.0008555560641887405,1469.9999999999905,405.0000000002249,125.0,193.472222222222,1.51973829704394,125.0,148665.44659157,1,1,7280.97698348407,1531.10975580615,1,61302000201,61302000200421
10.0,0.0,0.006944444444419128,1889.9999999998158,14.999999999409738,15.010000228881836,0.012666670480358308,-0.004722222222044365,2010.0000000011992,105.0000000019736,13.239999771118164,0.0003333409627393144,2.22227308492184e-05,2429.9999999990973,524.9999999998718,16.639999389648438,-0.006333351135225634,-0.00112222247653016,1799.9999999991871,105.00000000003843,14.640000343322754,0.03800001144520206,0.0021111117469670947,1019.9999999993094,884.9999999999162,127.0,16.0,1.51973829704394,127.0,148468.905062167,1,1,7281.7640654882,1531.10975580615,1,61302000201,61302000200411
10.0,0.0,0.00821111043306095,1019.9999999992029,13.91129032324568,13.579999923706055,0.11933333079121299,0.003977777693074138,1109.9999999986694,76.08870967622079,13.020000457763672,-0.0026666641234769687,-7.777849832804087e-05,1499.9999999999675,466.08870967751886,17.350000381469727,-0.0013333002727123765,-0.0008333312140723379,929.9999999988786,103.91129032357003,15.6899995803833,-0.002333354950037668,0.0006777773963328468,659.9999999986869,373.9112903237617,67.0,71.7142857142857,1.51973829704394,67.0,148268.795462148,1,1,7282.86598029398,1531.10975580615,1,61302000201,61302000200401
10.0,0.0,0.008044444189977802,990.0000000001365,12.580645160973404,13.420000076293945,0.11400000254348316,0.003800000084794494,1110.0000000009516,107.41935483984162,12.010000228881836,-0.0003333409627299388,1.1110305786305941e-05,1799.9999999998324,797.4193548387225,10.0,-0.24133332568375016,-0.008044444188785384,960.0000000020738,42.58064515903618,14.40999984741211,0.0,-0.0010111109415831857,240.00000000073135,762.5806451603786,65.0,34.0,1.51973829704394,65.0,148046.811185861,1,1,7283.81047869893,1531.10975580615,1,61302000201,61302000200391
10.0,0.0,0.00928888956713843,900.0000000002784,4.729838709190631,13.760000228881836,0.00033334096273309935,-0.004155555301247724,989.999999999448,85.270161289979,12.550000190734863,-0.0019999821980978745,1.1112425065003398e-05,1619.9999999994866,715.2701612900175,18.360000610351562,-0.00033334096272062637,0.002011110517675886,840.0000000005405,64.72983870892858,15.0,-0.00033334096272632314,-3.33340962730218e-05,209.99999999967096,694.7298387097981,58.5,69.1388888888889,1.51973829704394,58.5,147851.029392581,1,1,7284.75497710389,1531.10975580615,1,61302000201,61302000200381
10.0,0.0,0.007377777099681507,1139.9999999997544,3.568548387286455,16.34000015258789,-0.009999974568526075,-0.0005555534362692386,1050.000000000312,93.56854838672893,15.010000228881836,0.0006666819254602199,0.00010000122918128972,419.9999999996859,723.568548387355,15.369999885559082,0.002333323160814383,-0.00013333426581335674,1259.9999999998952,116.43145161285429,12.770000457763672,-0.0016666412353381476,8.88898637550066e-05,2010.0000000002678,866.431451613227,73.5,280.805555555556,1.40797362707721,73.5,147655.168816208,1,1,7285.69947550885,1419.49457851715,1,61302000201,61302000200371
10.0,0.0,0.006911110348190776,1709.999999999663,7.64516129006347,15.479999542236328,-0.0013333638508738954,-0.006177779303455642,1800.000000000528,97.6451612909284,11.699999809265137,-0.0006666819254454921,3.333303663449326e-05,3150.0000000003583,1447.6451612907588,16.219999313354492,-0.06600004831854377,-0.004288891686263224,1649.999999999746,52.35483870985354,12.15999984741211,0.0,-4.444440205923422e-05,659.9999999999037,1042.3548387096957,112.5,186.583333333333,1.18444428714375,112.5,147466.452585211,1,1,7286.6439739138,1196.26422393913,1,61302000201,61302000200361
9.5,-0.18433332443415432,-0.007844443851185351,1319.9999999991217,13.125000000965201,15.029999732971191,0.05099999109913209,0.0016999997033074826,1289.9999999994116,43.1250000006753,12.350000381469727,0.0016666730245180918,0.0001111115349689465,749.9999999986909,583.125000001396,15.40999984741211,-0.021999994913906386,-0.0013444434272488768,1499.9999999992242,166.87499999913734,12.819999694824219,0.0,0.00015555593702798435,2249.9999999997567,916.8749999996699,93.0,1675.22222222222,1.18444428714375,93.0,147272.386930523,1,1,7287.58847231876,1196.26422393913,1,61302000201,61302000200351
9.5,0.0,0.0,929.9999999998887,5.9576612900571035,15.369999885559082,0.00433333714795401,-0.006233332951640944,1020.0000000014958,95.95766129166418,13.220000267028809,0.0,0.000122221840748153,1740.0000000013501,815.9576612915185,15.5600004196167,0.0123333613079447,0.00017777866787861883,810.0000000005255,114.04233870930614,12.609999656677246,0.001333332061743407,7.77784983288978e-05,180.00000000136026,744.0423387084713,63.0,491.673469387755,1.18444428714375,63.0,147055.231817378,1,1,7288.69038712454,1196.26422393913,1,61302000201,61302000200341
9.5,0.0,0.0,1169.999999999906,11.28024193475926,14.989999771118164,0.0013333320618642572,-0.006011110941869333,1289.9999999996287,131.28024193448186,13.170000076293945,-0.0033333460490169576,4.4443342416869505e-05,1920.0000000001087,761.2802419349619,16.09000015258789,0.005666669209670019,0.00013333320616899357,1020.0000000003952,138.71975806475166,11.9399995803833,0.004333305358792026,3.333197698433157e-05,330.0000000004761,828.7197580646707,80.0,43.5555555555556,1.34850224454014,80.0,146844.043571863,1,1,7289.6348855295,1043.35517171743,1,61302000201,61302000200331
9.5,0.0,0.0,1379.999999999646,15.000000000127557,14.550000190734863,0.0,-0.005611111322953683,1530.000000001157,135.00000000138357,11.569999694824219,-0.0006666819254299797,1.1110305787087998e-05,2760.0000000010673,1365.0000000012938,,,,,,,,,,,94.0,54.8055555555556,1.38131383601942,94.0,146652.653418174,1,1,7290.57938393445,1012.77336127309,1,61302000201,61302000200321
9.5,0.0,0.0,1290.0000000008554,3.532258064061807,13.989999771118164,-0.007333342234577024,-0.0004444450802541889,1169.9999999998051,123.53225806511205,10.510000228881836,0.0006666819254482522,2.222273084802584e-05,90.00000000056244,1203.5322580643547,14.59000015258789,0.16966667175194983,0.0056555557250323315,1380.0000000000114,86.46774193509418,12.460000038146973,-0.004666678110731512,-6.666713290538408e-05,1710.0000000002344,416.46774193531724,84.0,157.805555555556,1.95863432202569,84.0,145055.030768601,1,1,7298.29278757493,1315.90389527951,1,61302000201,61302000200241
9.5,0.0,0.00472222222221621,1380.0000000003402,9.217741935329286,13.760000228881836,0.0003333409627270536,-4.0001639153755365e-17,1290.0000000001212,99.21774193554825,10.579999923706055,-0.00033334096272854576,2.2221671210547086e-05,180.0000000003034,1209.2177419353661,14.050000190734863,0.0,-0.005055555767422219,1470.0000000002092,80.78225806453975,12.319999694824219,-0.0010000228881587034,-2.2223790485138027e-05,1830.0000000007349,440.78225806506543,91.5,39.25,1.44837173614542,91.5,144849.706792116,1,1,7299.23728597989,1558.70962208399,1,61302000201,61302000200231
9.5,0.0,0.0,629.9999999997632,11.268145161016491,14.449999809265137,0.010666656494046562,-0.004788889355081117,719.9999999997311,101.26814516098443,12.0600004196167,-0.0003333091735833718,2.2223790487373083e-05,990.0000000000298,371.2681451612831,14.0600004196167,0.0,0.0,539.9999999994932,78.73185483925351,13.100000381469727,0.0010000228881988102,1.1112425062807241e-05,89.99999999924687,528.7318548394999,39.0,361.25,1.19324044320528,39.0,144661.749577002,1,1,7300.18178438484,1680.11248548623,1,61302000201,61302000200221
9.5,0.0,0.0054111109839423965,1050.0000000007822,10.717741934857031,12.5,-0.010333347320646785,-0.004022223154653925,1170.000000000495,109.2822580648558,11.760000228881836,-0.0009999910990158016,1.1111365425881543e-05,1530.0000000003931,469.28225806475393,14.489999771118164,0.0013333320617964647,-0.00013333320617493308,960.0000000002508,100.7177419353884,13.050000190734863,0.001333332061735698,2.2221671208669635e-05,450.00000000073317,610.717741934906,69.0,90.0,1.19324044320528,69.0,144462.533335374,1,1,7301.1262827898,1680.11248548623,1,61302000201,61302000200211
9.5,0.0,0.005544444190311316,1259.9999999990184,3.840725807640183,14.470000267028809,0.002333354949921267,0.00027777883741470774,1139.9999999990562,123.84072580760244,13.170000076293945,0.0006666819254665524,1.0596374714373404e-09,659.999999999508,603.8407258071506,14.640000343322754,0.0006666819254874056,-7.777743868856712e-05,1379.9999999998188,116.15927419316017,11.789999961853027,-0.0023333231608412813,-4.444334242305338e-05,2220.0000000001246,956.159274193466,80.0,571.551020408163,1.19324044320528,80.0,144054.581861333,1,1,7303.17269600054,1680.11248548623,1,61302000201,61302000200191
9.5,0.0,0.0,1379.9999999996332,14.213709678059558,14.640000343322754,0.004666678110537582,0.0001555559370105567,1260.0000000021664,134.2137096755264,13.010000228881836,-0.0003333409627224138,-2.2222730848474745e-05,810.0000000003545,584.2137096773383,,,,,,,,,,,89.5,93.5555555555556,1.53392483894821,89.5,143839.894355585,1,1,7304.11719440549,1393.46253873047,1,61302000201,61302000200181
9.5,0.0,0.0,1350.0000000003176,5.9879032253491005,14.130000114440918,0.013666661580123458,0.00018888791400559443,1260.0000000003613,95.98790322530544,10.649999618530273,0.0003333091735771498,1.1110305785677172e-05,330.00000000015245,1025.9879032255144,,,,,,,,,,,90.5,334.472222222222,1.70426703681967,90.5,143651.178947633,1,1,7305.06169281045,1250.13756535259,1,61302000201,61302000200171
9.5,0.0,0.004722222221986471,1110.0000000009356,14.99999999903298,13.75,0.0033333460490342632,6.66671329093904e-05,1049.999999999438,75.00000000053069,10.470000267028809,0.0006666819254628171,-1.1110305785551655e-05,330.0000000001204,794.9999999998482,,,,,,,,,,,76.0,538.583333333333,1.70426703681967,76.0,143464.774552426,1,1,7306.00619121541,1250.13756535259,1,61302000201,61302000200161
9.5,0.0,0.0,1799.9999999997945,13.766129032514982,13.59000015258789,0.019666671752989758,-0.0032333331638561384,1949.9999999999222,136.2338709676128,11.4399995803833,-0.0003333409627288701,1.1111365424330199e-05,2729.99999999989,916.2338709675805,,,,,,,,,,,122.0,49.4722222222222,2.82848424852449,122.0,142439.153514749,1,1,7310.72868324019,862.536106337925,1,61302000201,61302000200111
9.5,0.0,0.00644444465654644,1079.9999999983286,3.3387096780877528,12.800000190734863,0.003999996185026794,-0.0034000004661692202,1170.0000000001776,86.66129032376125,11.039999961853027,-0.0009999910990269882,4.444546169548063e-05,1919.999999998976,836.6612903225596,,,,,,,,,,,69.0,250.25,1.67727256694456,69.0,139864.03167517,1,1,7322.69232970297,1605.59999335045,1,61302000191,61302000190971
9.5,0.0,0.007533334096747169,959.999999999644,10.149193548590233,13.039999961853027,0.0009999910989959369,-2.2222730851566124e-05,1170.0000000009077,199.8508064526734,12.100000381469727,-0.001333332061748499,-2.2222730847918465e-05,1650.000000000784,679.8508064525497,,,,,,,,,,,63.0,29.5555555555556,1.67727256694456,63.0,139642.868921527,1,1,7323.63682810792,1605.59999335045,1,61302000191,61302000190961
9.5,0.0,0.006488889058482875,1589.999999999481,0.7620967749069223,13.149999618530273,-0.07966667810900019,-0.009366667005396723,1680.0000000004704,89.23790322608261,12.40999984741211,-0.0013333320617454573,-2.2221671208938767e-05,1889.9999999995798,299.237903225192,15.34000015258789,0.00033334096272681104,-0.0014333332909788384,1529.9999999997208,60.76209677466704,13.069999694824219,-0.0016666730244733873,0.00021111064487719077,1259.9999999998543,330.7620967745336,107.5,28.8055555555556,1.56142423302958,107.5,138859.267354522,1,1,7327.25740532692,1601.92404973043,1,61302000191,61302000190921
9.5,0.0,0.003233333163923638,989.9999999987584,10.542338710507124,15.25,0.06300001144448238,0.0019000011020361388,1139.9999999989172,139.4576612896517,12.59000015258789,0.0026666641234686823,0.00015555487738130037,1529.9999999997397,529.4576612904741,,,,,,,,,,,67.0,175.836734693878,1.56142423302958,67.0,138257.283884048,1,1,7330.09090054179,1601.92404973043,1,61302000191,61302000190891
9.5,0.0,0.0035333336725842375,899.9999999999895,11.249999999916213,12.970000267028809,0.01066668828298619,0.0004333347744194618,810.0000000006526,78.74999999942077,11.84000015258789,0.0016666730244978174,0.00011111153496783067,599.999999999998,288.7500000000754,14.079999923706055,0.010666656494155824,0.0003555552164723674,1109.999999999849,221.2499999997757,12.420000076293945,-0.0006666501363070187,4.4445461695601156e-05,1500.0000000004206,611.2500000003473,63.0,105.84,1.56142423302958,63.0,138037.610619643,1,1,7330.87798254592,1601.92404973043,1,61302000191,61302000190881
9.5,0.0,0.0031111113230556436,1169.999999999413,4.4879032260428176,13.380000114440918,0.04233334859181342,0.001344445546447208,1049.9999999995687,124.48790322588707,11.5600004196167,0.0010000228881644826,3.3334096271512385e-05,599.9999999998855,574.4879032255702,14.15999984741211,0.0,-0.0002777777777724345,1349.9999999999734,175.51209677451766,12.420000076293945,0.00033334096272149546,5.555576748295186e-05,1740.0000000000036,565.5120967745479,80.0,70.530612244898,1.56142423302958,80.0,137856.860018841,1,1,7331.97989735171,1601.92404973043,1,61302000191,61302000190871
9.0,0.0,0.0,1259.9999999997501,7.112903226093067,12.90999984741211,0.0026666641234798995,8.888880411415476e-05,1410.00000000066,142.88709677481688,12.390000343322754,0.0006666819254749755,4.444546169897762e-05,1649.9999999993001,382.88709677345696,12.699999809265137,0.004666646321577358,8.88877444778664e-05,810.0000000003491,457.11290322549405,11.770000457763672,-0.0006666501363225984,3.3334096273330606e-05,479.9999999996406,787.1129032262027,86.5,176.472222222222,1.4006266041978,86.5,137445.399576235,1,1,7333.86889416162,1267.06001595841,1,61302000191,61302000190851
9.0,0.0,0.003533333672453286,779.999999999533,3.1754032264643683,12.369999885559082,0.001999982198069203,-1.0596397700931847e-09,539.9999999991848,243.1754032268126,11.920000076293945,0.0009999910990606351,0.00014444351196588382,119.99999999926494,663.1754032267324,,,,,,,,,,,48.0,208.555555555556,1.4006266041978,48.0,137037.65810695,1,1,7335.75789097153,1267.06001595841,1,61302000191,61302000190831
9.0,0.0,0.0,1559.9999999988022,6.774193547683353,13.0,-0.005333328247217367,-0.000544444190145888,1379.9999999986899,173.22580645242897,11.899999618530273,-0.0006666819254707412,-5.555576748419675e-05,959.9999999983017,593.2258064528171,,,,,,,,,,,100.5,208.472222222222,1.97669511020834,100.5,136838.078801451,1,1,7336.70238937649,1062.8538917474,1,61302000191,61302000190821
9.0,0.0,0.0,1800.000000000008,9.459677419683203,13.029999732971191,-0.001333332061737676,-0.0005999999575765691,1620.0000000017676,189.45967741792356,9.850000381469727,-0.0003333091735866097,-6.666501363188487e-05,360.0000000004588,1449.4596774192323,,,,,,,,,,,117.0,72.24,3.12883212222944,117.0,136623.895162077,1,1,7337.48947138062,654.441643325387,1,61302000191,61302000190811
9.0,0.0,0.0,1259.9999999998968,5.588709677317638,12.229999542236328,0.008999983469577448,0.00039999961852560774,1440.0000000005334,185.58870967795428,11.90999984741211,0.0006666501363057757,0.00011111047532920095,1619.999999999903,365.5887096773238,,,,,,,,,,,84.0,149.04,3.39563941197308,84.0,135426.051922012,1,1,7342.99904540953,902.280279660157,1,61302000191,61302000190751
9.0,0.0,0.0,1019.9999999999575,12.12701612893568,12.020000457763672,0.003000005086273912,0.00011111047532920884,1109.9999999999957,102.12701612897388,11.760000228881836,-0.0013333320617825342,-2.222273084946176e-05,1290.0000000002397,282.12701612921785,,,,,,,,,,,63.0,15.4722222222222,3.39563941197308,63.0,135243.498334731,1,1,7343.94354381448,902.280279660156,1,61302000191,61302000190741
9.0,0.0,0.003844444486862123,989.9999999978161,2.2499999986436023,11.949999809265137,0.0009999910990247526,3.3333036633659716e-05,1199.9999999989725,212.24999999980002,11.170000076293945,-0.0009999910990656415,1.1111365423582909e-05,1679.9999999978122,692.2499999986397,,,,,,,,,,,63.0,290.16,3.39563941197308,63.0,135052.107406547,1,1,7344.73062581861,902.280279660157,1,61302000191,61302000190731
9.0,0.0,0.0034111107718655725,990.0000000003213,5.298387097621685,12.579999923706055,0.011333338420034771,0.00037777794734910626,1139.9999999990712,144.70161290112821,11.300000190734863,0.0,0.00010000016954063944,1679.999999999319,684.701612901376,,,,,,,,,,,63.0,8.40816326530612,3.39563941197308,63.0,134851.997813729,1,1,7345.8325406244,902.280279660156,1,61302000191,61302000190721
9.0,0.0,0.004177778032009172,1020.00000000083,9.520161289577914,12.039999961853027,0.1013333320629895,0.003377777735473714,1079.9999999998536,50.47983870944563,11.289999961853027,-0.0003333409627318841,4.4444402058660565e-05,1680.0000000002926,650.4798387098847,,,,,,,,,,,67.0,49.25,3.39563941197308,67.0,134626.810148289,1,1,7346.77703902935,902.280279660156,1,61302000191,61302000190711
9.0,-0.11966667175367748,-0.003988889058480842,959.9999999998873,6.350806451469566,12.15999984741211,0.011999988555686559,0.00045555538599918055,1080.0000000000866,113.64919354872973,11.300000190734863,0.0,3.333303663507372e-05,1709.999999999723,743.6491935483662,,,,,,,,,,,65.0,107.583333333333,3.39563941197308,65.0,134425.964376944,1,1,7347.72153743431,902.280279660156,1,61302000191,61302000190701
9.0,0.0,0.0039111116197154475,1319.9999999999316,14.999999999795591,11.789999961853027,0.0026666641235170876,0.00012222184075135397,1470.0000000001473,165.00000000001137,11.359999656677246,-0.0003333409627320029,-1.111136542453804e-05,1679.9999999995791,374.99999999944316,,,,,,,,,,,87.0,102.805555555556,2.65513509414227,87.0,134228.465008831,1,1,7348.66603583927,1215.54794190762,1,61302000191,61302000190691
9.0,0.0,0.0,720.0000000008124,2.104838710419017,12.600000381469727,0.0,-0.0002777777777778757,570.0000000003923,147.89516129000106,11.550000190734863,0.00033334096274802345,4.444440206046312e-05,119.99999999908593,597.8951612913074,,,,,,,,,,,84.0,165.6,1.17412645848067,84.0,133823.872025585,1,1,7350.55503264918,1842.08326640255,1,61302000191,61302000190671
8.5,0.0,0.0038444444870283233,989.9999999978181,8.770161292383818,12.420000076293945,0.0049999872843915225,-0.0003111118740703557,809.9999999979657,188.77016129223625,10.979999542236328,0.0023333231607556,0.00032222217983050524,569.9999999995615,428.77016129064043,11.710000038146973,0.002333323160894441,5.555470785037663e-05,1199.9999999983681,201.2298387081662,11.390000343322754,-0.0009999910990803904,1.1111365422373627e-05,1409.9999999988188,411.22983870861685,70.5,507.0,1.17412645848067,70.5,133631.203098014,1,1,7351.49953105414,1842.08326640255,1,61302000191,61302000190661
8.5,0.0,0.0,1379.9999999998786,2.6249999995579856,11.859999656677246,0.002333323160805983,-0.0035777780745896923,1469.9999999989668,87.37499999953025,11.399999618530273,0.0013333320617685584,8.888880411927958e-05,1709.999999998939,327.3749999995025,11.149999618530273,0.00033330917357368256,-0.00016666836208288182,1259.999999999902,122.62499999953457,10.489999771118164,0.0003333409627278216,1.1111365424259289e-05,779.9999999999443,602.6249999994923,94.0,42.7755102040816,1.17412645848067,94.0,133440.63745455,1,1,7352.60144585992,1842.08326640255,1,61302000191,61302000190651
8.5,0.0,0.0,1410.00000000077,2.6250000007712515,12.350000381469727,0.001000022888224992,-4.444334241727964e-05,1530.0000000004186,122.62500000041996,11.140000343322754,0.0006666819254829439,6.66671329074426e-05,1830.000000000947,422.6250000009484,11.489999771118164,0.003333314259779564,9.999910990027367e-05,780.000000001908,627.3749999980906,10.329999923706055,0.000666650136277308,-3.333409627280934e-05,330.00000000113533,1077.3749999988634,94.0,50.6666666666667,1.17412645848067,94.0,133227.072715272,1,1,7353.54594426487,1842.08326640255,1,61302000191,61302000190641
8.5,0.0,0.003466666539611773,1590.000000000394,1.2580645156306218,12.029999732971191,0.11766665776559312,0.0039222219255159955,1679.9999999994636,88.74193548343897,10.930000305175781,-0.00399999618530419,-2.2222730848687862e-05,2009.9999999995225,418.74193548349785,,,,,,,,,,,108.0,100.571428571429,1.13835079038428,108.0,133044.696223467,1,1,7354.64785907066,1331.31165307231,1,61302000191,61302000190631
8.5,0.0,0.003766667048132882,1349.9999999981997,2.5403225796494553,12.40999984741211,0.007999992370972177,0.0002777777778018701,1259.9999999986228,87.4596774199274,11.90999984741211,-0.00033334096273274563,0.00010000016954173738,1109.9999999980994,237.45967742045082,12.029999732971191,0.010000006357981116,-0.0032555548348754335,1499.9999999987172,152.54032258016696,10.609999656677246,-0.0010000228881676242,9.999910990496424e-05,1829.9999999983827,482.5403225798325,94.0,31.2222222222222,1.13238817903488,94.0,132830.008719768,1,1,7355.59235747561,1246.1830508506,1,61302000191,61302000190621
8.5,0.0,0.005255555047004577,960.0000000001843,1.7661290328588848,12.069999694824219,0.019666671752922534,-0.002655554877364404,1050.0000000004056,88.23387096736246,11.09000015258789,-0.002333323160891382,-9.999910991016059e-05,1350.0000000000077,388.23387096696456,,,,,,,,,,,63.0,208.25,1.09880860613557,63.0,132437.773507356,1,1,7357.48135428552,1144.94093504747,1,61302000191,61302000190601
8.5,0.0,0.005455555385963051,1560.0000000005607,8.014112903048044,13.199999809265137,0.003666655222765204,-0.004977778328963303,1679.9999999998256,111.98588709621686,10.789999961853027,0.0,7.777743869518274e-05,2039.999999999414,471.9858870958053,,,,,,,,,,,105.0,105.84,1.03164946033695,105.0,132233.207848048,1,1,7358.26843628966,942.456703441191,1,61302000191,61302000190591
8.0,0.0,0.0,1019.9999999991616,1.3790322587263972,10.59000015258789,0.0016666730245392502,-8.888880411537949e-05,900.0000000001439,121.37903225774403,10.260000228881836,-0.0006666501363140267,-2.2221671210540144e-05,719.9999999995905,301.37903225829746,,,,,,,,,,,75.0,125.555555555556,1.01373224684377,75.0,131845.417728787,1,1,7360.15743309957,762.875572596658,1,61302000191,61302000190571
7.5,0.0,0.0,1080.0000000003618,5.70967741949994,11.100000381469727,0.12000001271452432,0.004000000423779703,1170.000000000076,95.70967741921413,10.579999923706055,-0.0006666819254864152,-2.222273085057004e-05,1529.9999999997203,455.7096774188585,7.5,-0.11799999872762934,-0.004022222095015472,1020.0000000000872,54.290322580774614,10.25,-0.00033334096272209167,-1.1111365423877292e-05,720.000000001032,354.29032257982976,69.0,90.0,1.1036015541917,69.0,131443.726181172,1,1,7362.04642990948,1297.79944139573,1,61302000191,61302000190551
7.0,0.0,0.004666666454806649,1050.0000000003945,7.306451612971387,12.300000190734863,0.004666678110774804,-0.0003555552164753744,1199.9999999990996,157.3064516116765,10.59000015258789,-0.000333340962729532,7.777743869690042e-05,1529.9999999995277,487.30645161210464,11.369999885559082,0.0,-0.00023333337572717646,959.999999999081,82.69354838834215,10.100000381469727,0.0003333409627189854,-2.222167121021574e-05,390.0000000003976,652.6935483870254,67.0,253.555555555556,1.1036015541917,67.0,131223.512074437,1,1,7362.99092831444,1297.79944139573,1,61302000191,61302000190541
7.0,0.0,0.0,1319.9999999995866,9.489919355037046,11.989999771118164,-0.005000019073770849,-0.0003444459703459109,1109.9999999993897,200.51008064515986,8.210000038146973,0.0006666819254317022,1.1112425061596372e-05,180.0000000009459,1130.5100806436037,12.100000381469727,0.005333360035855082,-0.0001777765486175945,1530.0000000007071,219.48991935615754,10.579999923706055,-0.0009999910990658612,4.4445461699290404e-05,1889.9999999989031,579.4899193543536,92.0,43.5555555555556,1.1036015541917,92.0,131027.730281552,1,1,7363.93542671939,1297.79944139573,1,61302000191,61302000190531
7.0,0.0,0.0,1290.0000000001676,7.707967597525567e-11,12.609999656677246,0.0066666603087611395,0.000299999448981959,1200.0000000003859,89.9999999998588,10.100000381469727,-0.0003333091735805873,8.888986375554424e-05,300.00000000037915,989.9999999998655,10.479999542236328,0.11599998474280929,0.0038666661581469213,1470.0000000001912,179.99999999994657,10.109999656677246,-0.0003333409627278292,5.555576748434845e-05,1800.000000000271,510.0000000000264,86.5,39.5555555555556,1.47865053913905,86.5,129816.391394924,1,1,7369.75983354996,990.47990779107,1,61302000191,61302000190471
7.0,0.0,0.0,839.9999999997858,10.064516129409412,10.569999694824219,-0.0033333460490603106,-0.0004222223493819276,599.9999999999535,250.06451612924172,8.399999618530273,0.0013333320618036345,5.555576748563523e-05,179.99999999996743,670.0645161292277,,,,,,,,,,,61.5,52.25,1.47865053913905,61.5,129623.877706927,1,1,7370.70433195491,990.47990779107,1,61302000191,61302000190461
7.0,0.0,0.004611110686807335,870.0000000013487,8.473790320676699,10.420000076293945,0.006000010172406784,-0.003399999406574828,959.9999999985165,81.52620967649113,10.15999984741211,-0.0016666730246184776,-4.444440206685354e-05,1139.999999998092,261.52620967606674,11.149999618530273,0.0,-1.1110305786747772e-05,809.9999999984306,68.47379032359481,10.520000457763672,0.004333337147830553,0.00026666641233549294,419.99999999949216,458.4737903225332,61.5,20.2222222222222,1.24560023354241,61.5,129020.539831833,1,1,7373.69524357061,1028.96051081263,1,61302000191,61302000190431
7.0,0.0,0.0,990.0000000004138,6.3750000001116405,12.369999885559082,0.020333321888787996,-1.0596507199242107e-09,840.0000000007894,143.62499999951274,9.050000190734863,-0.0006666501362969791,-2.222167120940364e-05,330.00000000038665,653.6249999999155,10.670000076293945,0.12233333587715003,0.004077777862594507,1049.9999999998004,66.37499999949819,10.4399995803833,-0.0020000139872716474,-6.666713291066624e-05,1319.9999999997794,336.37499999947727,63.0,100.25,1.24560023354241,63.0,128828.026911458,1,1,7374.63974197556,1028.96051081263,1,61302000191,61302000190421
7.0,0.0,0.00542222234924088,1020.0000000009858,7.500000001117314,10.90999984741211,0.13033332825087784,0.0043444442751561785,1050.0000000001094,37.5000000002409,9.899999618530273,-0.0050000190734968255,-0.00017777866787460663,1379.9999999994986,367.4999999996302,11.880000114440918,0.0,0.0005333328247059642,930.0000000002101,82.49999999965837,9.069999694824219,0.0003333091735801654,1.1110305785878213e-05,300.0000000003002,712.4999999995682,63.0,158.888888888889,1.24728713303325,63.0,128623.747565649,1,1,7375.58424038052,1116.18678644138,1,61302000191,61302000190411
7.0,0.0,0.0,1829.999999999827,1.9354838712508808,11.899999618530273,0.013666661580710868,0.0010888894399176167,1710.0000000000252,121.93548387105261,7.840000152587891,-0.000666666030880741,-2.222220102925643e-05,359.9999999998647,1471.9354838712131,11.289999961853027,0.14299999872728106,0.004766666624204263,1919.999999999924,88.06451612884621,9.850000381469727,-0.0016666412353614152,0.0001222239600313609,2819.9999999994147,988.0645161283369,120.0,162.138888888889,1.25066093201494,120.0,128430.639758035,1,1,7376.52873878548,1290.63933769889,1,61302000191,61302000190401
7.0,0.0,0.004077777862463621,1140.0000000007276,7.560483871633096,11.420000076293945,-0.00533332824715251,-0.0021999994914415114,990.0000000000006,142.43951612909393,7.860000133514404,0.0010000069935689052,3.333356645087189e-05,330.00000000124925,802.4395161278453,13.760000228881836,0.003333346048855547,0.00013333426580559106,1260.0000000012055,127.56048387211104,9.760000228881836,0.0006666819254114206,0.00016666730244295247,1920.0000000018301,787.5604838727356,79.5,287.0,1.25066093201494,79.5,128239.842927011,1,1,7377.47323719043,1290.63933769889,1,61302000191,61302000190391
7.0,0.0,0.004366667005632022,960.0000000009385,10.80846774260624,10.930000305175781,0.001333332061832142,-0.0004888894822839622,900.000000000122,49.19153225821026,8.789999961853027,-0.001333332061873716,-0.00010000016955111977,449.9999999995958,499.19153225873646,15.100000381469727,0.011333338419092441,0.00016666624278349767,1050.0000000012278,100.80846774289557,9.989999771118164,-0.0010000228882014884,0.00013333214653298025,1500.0000000008088,550.8084677424765,63.5,92.4722222222222,1.25066093201494,63.5,128016.579955148,1,1,7378.41773559539,1290.63933769889,1,61302000191,61302000190381
7.0,0.0,0.004922222561394914,1409.9999999980369,14.999999999610736,11.430000305175781,0.0,-0.0005000008476889863,1349.9999999985762,44.99999999984993,7.710000038146973,-0.0003333250681542502,-2.222167121016069e-05,329.99999999844357,1064.9999999999825,14.319999694824219,0.03366664250577138,-0.005888890160229323,1469.9999999993279,75.00000000090176,9.84000015258789,-0.0019999821981874287,8.888986375623189e-05,1949.9999999969634,554.9999999985373,94.0,201.265306122449,1.190978722719,94.0,127834.20346305,1,1,7379.51965040117,1317.12385048588,1,61302000191,61302000190371
7.0,0.0,0.00482222239184155,1499.99999999934,15.000000000113687,11.34000015258789,0.005333328246859471,2.2221671193848906e-05,1439.9999999998204,74.99999999963325,7.909999847412109,0.0,-1.1110835605397273e-05,479.999999999009,1035.0000000004447,11.640000343322754,0.0,0.0,1620.0000000002542,105.00000000080058,9.6899995803833,-0.0006666819254510907,0.00012222184075051028,2129.999999999491,615.0000000000375,101.0,49.0,1.04177319947914,101.0,127613.177044946,1,1,7380.46414880613,1383.33513245337,1,61302000191,61302000190361
7.0,0.0,0.0072777779894477,1349.9999999991726,11.975806451629296,13.550000190734863,0.0,0.0008222219679813467,1289.9999999981103,48.024193549432994,7.699999809265137,0.0,0.0,149.99999999846304,1188.0241935490803,16.809999465942383,0.014666620890735116,-0.000644446479020852,1559.9999999977445,221.97580645020116,9.869999885559082,-0.000999991099100384,0.00021111170451117,1889.9999999984327,551.9758064508894,90.0,129.265306122449,1.04177319947914,90.0,127426.178528203,1,1,7381.56606361191,1383.33513245337,1,61302000191,61302000190351
7.0,0.0,0.010322223240259077,1079.9999999988045,11.37096774114275,11.3100004196167,-0.002666664123653916,-0.0049666669631928135,1139.9999999999143,71.37096774225256,10.4399995803833,-0.0010000228881962814,-3.3334096273632305e-05,1469.9999999993386,401.37096774167685,,,,,,,,,,,71.0,327.805555555556,1.04177319947914,71.0,127214.990282093,1,1,7382.51056201687,1383.33513245337,1,61302000191,61302000190341
7.0,0.0,0.0065111107294913645,1139.999999999541,4.4637096779244985,10.5,0.11666666666511041,0.003888888888785139,1200.0000000001226,55.53629032265712,9.800000190734863,0.0,0.00021111064486624133,1559.9999999996114,415.536290322146,,,,,,,,,,,75.0,60.16,1.20407332990812,75.0,127020.760470218,1,1,7383.297644021,1360.89064242624,1,61302000191,61302000190331
7.0,0.0,0.00466666645479022,1379.999999999561,15.000000000037971,10.520000457763672,0.11733334859432426,0.003911111619884204,1499.9999999988636,104.99999999926467,9.710000038146973,-0.002000013987154564,0.0004111099243255988,1860.0000000003545,465.00000000075556,10.3100004196167,-0.03766663868967671,-0.0027111095849530146,1260.0000000010555,134.99999999854344,8.630000114440918,0.00233332316092844,0.00016666624282070025,539.9999999987126,855.0000000008863,94.0,38.0,1.31227341686078,94.0,126841.64028393,1,1,7384.39955882678,1345.92764907483,1,61302000191,61302000190321
7.0,0.0,0.0019888888466360753,959.9999999982706,0.42338709784166895,12.720000267028809,0.06499999364334322,-0.002022222942972416,1049.999999998542,89.57661290242982,9.5,-0.003666655222980493,2.222273082226443e-05,1529.9999999980728,569.5766129019605,,,,,,,,,,,67.0,39.4722222222222,1.31227341686078,67.0,126614.505335599,1,1,7385.34405723173,1345.92764907483,1,61302000191,61302000190311
7.0,0.0,0.0,1200.0000000001405,7.06451612860792,11.229999542236328,0.02199999491398851,0.0009888892703782274,1020.000000000078,172.9354838714546,7.909999847412109,-0.03000001907382216,-0.002077778710302944,179.99999999997448,1012.9354838715581,,,,,,,,,,,84.0,48.4722222222222,1.31227341686078,84.0,126430.411953757,1,1,7386.28855563669,1345.92764907483,1,61302000191,61302000190301
7.0,0.0,0.005499999788218355,840.0000000000673,0.1814516132242261,11.050000190734863,0.1350000063613383,0.0045000002121615935,900.000000000304,60.18145161346092,9.359999656677246,0.013666661579940533,0.0006444443596410296,1170.0000000012096,330.18145161436655,,,,,,,,,,,51.0,463.25,1.64856745842332,51.0,125812.392438847,1,1,7389.27946725239,749.450421298642,1,61302000191,61302000190271
7.0,0.0,0.0032555558945998836,1199.9999999998004,11.866935483906445,10.600000381469727,0.12000001272184485,0.004000000424267738,1289.999999998822,78.13306451511517,10.390000343322754,0.0010000228881528142,4.4445461694219604e-05,1500.0000000010486,288.13306451734184,9.930000305175781,0.0003333409627362751,1.1111365424822854e-05,1139.999999999433,71.86693548427388,9.600000381469727,0.0,-3.3334096272434025e-05,900.0000000003331,311.8669354833737,83.5,169.555555555556,1.08984981460438,83.5,125420.349008015,1,1,7391.01104766147,1572.9726496884,1,61302000191,61302000190251
7.0,0.0,0.0031111113230336204,929.999999997921,1.2338709689602183,9.960000038146973,0.004666678110729195,-4.444334242120106e-05,779.9999999975615,151.2338709693197,7.739999771118164,0.0013333320617656744,3.333356645364006e-05,119.99999999854705,811.2338709683341,,,,,,,,,,,61.5,76.2222222222222,1.08984981460438,61.5,125029.215351394,1,1,7392.90004447139,1572.9726496884,1,61302000191,61302000190231
7.0,0.0,0.0032777775658696037,1230.0000000000114,1.935483871059887,9.930000305175781,-0.0006666501362778398,-0.0002111106448643462,1140.0000000012378,91.93548386983343,8.239999771118164,0.005999978383559194,0.00043333265517727125,449.99999999990314,781.9354838711681,,,,,,,,,,,80.0,54.4722222222222,1.08984981460438,80.0,124837.066167435,1,1,7393.84454287634,1572.9726496884,1,61302000191,61302000190221
7.0,0.0,0.003077778286485001,1259.9999999997842,7.088709677448378,9.949999809265137,0.0059999783833949395,5.5554707842452184e-05,1169.999999999904,97.08870967732855,9.029999732971191,-0.0023333549498935637,-0.0001333342658097935,870.0000000001844,397.0887096770482,12.260000228881836,0.020666662852013417,-0.004466667175437932,1349.9999999996642,82.91129032243157,8.739999771118164,0.0,0.00036666658189366544,2279.999999999937,1012.9112903227042,84.0,84.0,1.30342605182492,84.0,124633.459675111,1,1,7394.7890412813,1839.94758575681,1,61302000191,61302000190211
7.0,0.0,0.0028222221798231573,1289.9999999999109,0.8225806448740514,9.680000305175781,-0.001666641235351133,-0.00014444351196032552,1110.0000000008395,179.17741935419735,9.140000343322754,-0.0013333320617672396,-4.44444020588967e-05,630.0000000008565,659.1774193541803,,,,,,,,,,,84.0,15.1875,1.41021417043519,84.0,124402.372097721,1,1,7395.4187068846,1973.43505379102,1,61302000191,61302000190201
7.0,0.0,0.002666666242753268,929.9999999985675,1.8205645150026157,9.739999771118164,0.00033334096272929706,-7.777743869445439e-05,689.9999999980341,238.1794354855308,8.949999809265137,0.0009999910990151802,2.222167120830865e-05,329.9999999990698,598.1794354844951,12.260000228881836,0.02166668573962143,-0.004399998982691252,1019.999999998975,91.82056451541007,8.779999732971191,-0.005000019073655912,-0.00011111259461518932,1469.99999999837,541.820564514805,60.0,354.122448979592,1.41021417043519,60.0,124236.673716438,1,1,7396.52062169038,1973.43505379102,1,61302000191,61302000190191
7.0,0.0,0.002866666581904948,959.999999999394,1.766129032852632,11.479999542236328,0.016666666667164046,-0.0038666661579944694,1049.9999999990634,88.23387096681677,8.949999809265137,-0.001333332061777926,1.1111365423208067e-05,1439.9999999995694,478.2338709673227,12.390000343322754,0.00833333333285108,0.00027777777774562755,870.0000000010494,91.76612903119724,9.359999656677246,-0.0010000228881600715,-0.00011111259460293848,600.000000000164,361.76612903208263,63.0,100.25,1.41021417043519,63.0,124013.023000735,1,1,7397.46512009534,1973.43505379102,1,61302000191,61302000190181
7.0,0.0,0.0,1229.9999999992203,7.088709676981125,9.869999885559082,0.0,-0.0031888887617134132,1319.9999999997867,97.08870967754751,8.859999656677246,-0.003333346048866865,-0.0001777786678640226,1889.9999999999673,667.088709677728,9.569999694824219,-0.02433334986388604,-0.0015777789222239215,1139.9999999990014,82.91129032323784,8.90999984741211,-0.0006666819254288126,3.333197699483146e-05,780.0000000012592,442.91129032098,84.0,0.0,1.41021417043519,84.0,123813.806755967,1,1,7398.25220209947,1973.43505379102,1,61302000191,61302000190171
7.0,0.0,0.0,1200.0000000006398,0.8225806451928293,9.229999542236328,-0.0023333549500111675,-0.0002111117045115709,990.0000000004005,210.82258064543214,8.119999885559082,-0.0009999910990588032,-3.3333036635929764e-05,360.0000000002781,840.8225806455546,,,,,,,,,,,84.0,105.84,1.41021417043519,84.0,123625.14542601,1,1,7399.0392841036,1973.43505379102,1,61302000191,61302000190161
7.0,0.0,0.0023888884650674403,959.9999999995093,5.129032257802464,9.970000267028809,-0.13033332824770152,-0.005066667132952804,1109.9999999991587,155.12903225745185,8.630000114440918,0.006666660308885033,0.0008444436391254291,1439.9999999993527,485.1290322576458,9.279999732971191,0.0013333320617612168,8.88888041169255e-05,749.9999999996201,204.8709677420868,8.329999923706055,-0.006666660308924545,-0.0006999990675182719,179.99999999970242,774.8709677420045,67.0,70.4081632653061,1.41021417043519,67.0,123432.476445685,1,1,7400.14119890938,1973.43505379102,1,61302000191,61302000190151
7.0,0.0,0.005955555173980522,1020.0000000007348,10.542338710377408,9.539999961853027,0.08466666539791155,0.002822222180024073,1079.9999999997376,70.54233870938026,8.020000457763672,0.006666676203621794,0.0005111111535124071,1320.000000000584,310.54233871022655,,,,,,,,,,,67.0,3.55555555555556,1.56590304104697,67.0,122202.134994617,1,1,7405.80818933912,1765.63375140328,1,61302000191,61302000190091
7.0,0.0,0.0070000002119014705,1290.000000001232,1.9657258054912745,9.199999809265137,0.07333332697081914,0.0024444442322044575,1350.0000000022558,58.03427419553259,8.630000114440918,-0.0013333320618067672,-0.00011111153496874403,1680.0000000000182,388.034274193295,,,,,,,,,,,85.0,97.9166666666667,1.56590304104697,85.0,122006.353203483,1,1,7406.75268774408,1765.63375140328,1,61302000191,61302000190081
7.0,0.0,0.0,1620.0000000007542,8.981854838102663,16.0,0.0,0.0007555558946301909,1050.000000000298,578.9818548385588,7.53000020980835,-0.0029999891917033817,-0.00029999944899152935,179.99999999975333,1448.9818548391036,,,,,,,,,,,75.0,201.673469387755,1.56590304104697,75.0,121823.382587607,1,1,7407.85460254986,1765.63375140328,1,61302000191,61302000190071
7.0,0.0,0.004033333460466738,1320.0000000007535,9.489919355480197,10.630000114440918,-0.020333321889047976,-0.0020888879563893403,1260.0000000005812,50.51008064469215,9.859999656677246,0.013666661580423844,-0.0006333329942570823,720.0000000002536,590.5100806450197,9.59000015258789,0.08633333841987248,0.002877777947338287,1440.000000000507,129.48991935523372,8.899999618530273,0.000333309173584669,2.222061157244263e-05,1650.0000000003074,339.4899193550341,92.0,20.4081632653061,1.48877072014411,92.0,121230.573061441,1,1,7410.84551416555,1688.36055789973,1,61302000191,61302000190041
7.0,0.0,0.0032222217983399843,1349.99999999998,8.945564516418926,7.0,-0.09666665394986984,-0.004066665437406754,1320.0000000000823,38.94556451631661,7.460000038146973,-0.003333330154404646,-4.444440205800363e-05,630.0000000003203,728.9455645160787,,,,,,,,,,,91.0,1.0,1.02597679472696,91.0,120803.506922544,1,1,7412.89192737629,1224.7213968784,1,61302000191,61302000190021
7.0,0.0,0.0,4409.99999999984,6.278225806266164,9.0,0.013666661580519657,0.00019999927945482492,3990.000000000081,413.7217741934928,7.21999979019165,-0.00033334096272572217,0.00011111100514604223,2340.000000000309,2063.721774193265,,,,,,,,,,,291.0,378.222222222222,1.02250409774276,291.0,120203.211695593,1,1,23570.8240161437,1718.52503525377,1,61302000821,61302000820941
7.0,0.0,0.0,3389.9999999999786,14.830645161384837,8.84000015258789,0.0013333320617763497,-0.00034444491068250267,3029.999999999906,374.8306451614576,7.860000133514404,-0.0009999910990770176,8.888933393750097e-05,2639.999999999291,764.8306451620724,,,,,,,,,,,228.0,376.888888888889,1.08203465201672,228.0,120011.06172732,1,1,23572.3221197484,6653.27605175104,1,61302000821,61302000820931
7.0,0.0,0.0,3150.0000000001637,13.971774193390047,8.609999656677246,-0.0020000139872347064,-7.777849833243231e-05,2850.0000000001296,313.97177419342415,7.639999866485596,0.0,4.44444020592541e-05,2490.000000000005,673.9717741935488,,,,,,,,,,,210.0,129.959183673469,1.08203465201672,210.0,119820.628621133,1,1,23574.0699072873,6653.27605175103,1,61302000821,61302000820921
7.0,0.0,0.0,4109.999999999642,8.14112903246496,8.579999923706055,0.007333342234258604,0.0003333335452580899,3869.999999999868,248.1411290322385,7.079999923706055,0.0006666660308881344,1.1111365424499463e-05,3239.999999999469,878.1411290326378,,,,,,,,,,,277.5,259.555555555556,1.08203465201672,277.5,119608.251031637,1,1,23575.5680108921,6653.27605175104,1,61302000821,61302000820911
7.0,0.0,0.0,4860.000000000003,1.487903225836817,8.4399995803833,-0.004000027974496091,-0.00014444563124267815,4559.999999999615,301.48790322622426,6.309999942779541,-0.0006666660308842034,-1.1110835605210788e-05,3449.9999999999886,1411.487903225851,,,,,,,,,,,328.0,427.918367346939,1.08203465201672,662.0,119428.250058292,2,2,23577.315798431,6653.27605175103,1,61302000821,61302000820901
7.0,0.0,0.0,3930.0000000000637,12.217741935331105,9.390000343322754,0.007666683197023576,-0.0001888879140201883,4260.000000000003,317.78225806460796,8.420000076293945,0.0013333320617460332,2.2221671209032747e-05,4919.9999999999945,977.7822580645998,8.600000381469727,-0.001333332061756361,-5.5555767482353284e-05,3660.00000000002,282.21774193537476,6.079999923706055,0.0,2.2222201029537446e-05,2669.9999999997367,1272.217741935658,270.0,748.571428571429,1.08203465201672,270.0,119214.090123303,1,2,23579.0635859699,6653.27605175103,1,61302000821,61302000820891
6.5,0.0,0.0,3839.999999999636,8.104838709858086,8.239999771118164,0.0013333320617687301,6.666713290765917e-05,3419.99999999997,428.1048387095243,6.099999904632568,0.0,0.0,2639.9999999998795,1208.1048387096148,,,,,,,,,,,260.5,1331.33333333333,1.08203465201672,260.5,119002.306643361,1,1,23580.5616895747,6653.27605175104,1,61302000821,61302000820881
6.5,0.0,0.0,3419.9999999994875,1.7419354834914884,8.489999771118164,-0.0010000228881780306,-0.00030000156826418987,3119.999999999684,298.25806451631206,6.03000020980835,0.0,0.0,2099.9999999995766,1318.2580645164194,,,,,,,,,,,232.0,447.714285714286,1.08203465201672,232.0,118819.929209786,1,1,23582.3094771136,6653.27605175103,1,61302000821,61302000820871
6.5,0.0,0.0,3869.999999999764,14.999999999571173,8.930000305175781,0.01666666666707998,-0.00010000016950781892,3690.000000000185,165.00000000000773,6.059999942779541,0.0003333250681529333,-5.298191919936057e-10,3060.0000000000973,795.0000000000955,,,,,,,,,,,257.0,66.5555555555556,1.08203465201672,257.0,118608.145726573,1,1,23583.8075807184,6653.27605175104,1,61302000821,61302000820861
6.5,0.0,0.0,3779.999999999901,13.36693548363246,8.550000190734863,-0.07833331426019254,-0.0056222216288956935,3569.9999999998045,196.63306451646395,5.960000038146973,-0.00033332506816405414,-1.111083560573946e-05,3089.9999999997717,676.6330645164967,,,,,,,,,,,250.5,183.0,1.08203465201672,250.5,118418.306722863,1,1,23585.3056843231,6653.27605175104,1,61302000821,61302000820851
6.5,0.0,0.0,3809.9999999998845,8.661290322176683,8.210000038146973,0.0023333231608233846,-0.0006333340538952214,3690.0000000002365,111.33870967747134,5.690000057220459,0.0003333409627252472,5.298188249989927e-10,2849.9999999999063,951.3387096778015,11.029999732971191,0.010000006358113447,-0.004366665946153392,3989.9999999994593,188.6612903217515,8.069999694824219,-0.0010000228881939016,-2.222379048738934e-05,4619.999999999745,818.6612903220375,258.0,0.0,1.08203465201672,258.0,118219.090455163,1,1,23586.8037879279,6653.27605175104,1,61302000821,61302000820841
6.5,0.0,0.0,3869.99999999995,1.7553247744217515e-10,6.5,-0.07199999491830883,-0.0023999998307626894,3719.9999999991796,150.0000000005948,5.619999885559082,0.0006666660309022619,2.2222201030691156e-05,2999.999999999044,870.0000000007303,,,,,,,,,,,258.0,75.44,1.08203465201672,258.0,118017.199475366,1,1,23588.0522075985,6653.27605175104,1,61302000821,61302000820831
6.5,0.0,0.0,3780.000000000903,1.8326612913106146,8.479999542236328,-0.004666678110672233,-0.0005111111534839565,3600.0000000003715,178.16733870922099,5.590000152587891,0.0003333409627265508,2.2222730848220123e-05,2580.000000000662,1198.1673387089304,,,,,,,,,,,254.0,0.0,1.08203465201672,254.0,117827.963499813,1,1,23589.5503112033,6653.27605175104,1,61302000821,61302000820821
6.5,0.0,0.0,3779.9999999992115,13.100806452749566,8.710000038146973,0.0013333320617597768,3.33330366342049e-05,3599.999999999529,193.10080645243215,5.610000133514404,0.0006666660308817579,2.222220102932422e-05,3029.9999999999977,763.1008064519633,9.029999732971191,0.00966666539509842,0.0025777784983177605,3989.9999999993775,196.89919354741642,7.210000038146973,0.0006666660309122461,8.888880412057242e-05,4529.999999999067,736.8991935471058,254.0,0.0,1.08203465201672,254.0,117593.442606406,1,1,23590.5490469398,6653.27605175104,1,61302000821,61302000820811
6.5,0.0,0.0,3779.999999999369,3.798387095745511,6.5,-0.10966666539408189,-0.005200000338991895,3630.000000000408,146.2016129032154,5.619999885559082,0.0,-2.2222201028694984e-05,3060.0000000002606,716.2016129033627,10.680000305175781,0.1393333435083326,0.004644444783693527,3869.9999999992256,93.79838709560227,7.239999771118164,-0.0006666819254352549,-1.1111895241805581e-05,4560.000000000154,783.7983870965304,254.0,0.0,1.08203465201672,254.0,117423.73651236,1,1,23591.7974666105,6653.27605175104,1,61302000821,61302000820801
6.0,0.0,0.0,3809.9999999997767,1.8326612905902948,7.96999979019165,0.0019999980926869586,-0.00013333320618201877,3629.9999999986317,181.83266129173535,5.75,-0.0003333409627372174,1.1110835604386336e-05,2879.999999999007,931.8326612913602,8.319999694824219,-0.07766666412330676,-0.0029111109839524336,3989.9999999991383,178.16733870877124,6.78000020980835,0.0,-1.1111365424427213e-05,4829.999999999182,1018.1673387088154,254.0,0.0,1.08203465201672,254.0,116828.355300979,1,1,23595.5427256224,6653.27605175104,1,61302000821,61302000820771
6.0,0.0,0.0,3240.000000000507,0.5624999995379767,7.659999847412109,-0.006333335240673902,-0.00021111117468886124,2940.0000000000487,300.56249999999636,5.949999809265137,0.0003333250681670276,1.1110835605937692e-05,1799.9999999997428,1440.5625000003022,8.359999656677246,0.0003333091735803719,0.0013111103905892596,3510.0000000006403,269.43750000059526,6.46999979019165,-0.0013333479563934821,2.2221671208614344e-05,4199.999999999596,959.4374999995512,217.5,269.222222222222,1.07160514850026,217.5,116624.238072657,1,1,23597.0408292272,6070.73623118633,1,61302000821,61302000820761
6.0,0.0,0.0,3629.9999999980487,5.4677419342147004,6.0,0.0,0.0018555556402881281,3539.999999998905,84.53225806492901,6.639999866485596,-0.00633333524069483,-0.00026666641235571645,3089.99999999777,534.5322580660641,9.149999618530273,-0.009666665394925954,-0.004144443935736142,3809.9999999984275,185.4677419345935,6.489999771118164,0.0,5.555576748065167e-05,4649.999999999191,1025.4677419353566,246.0,75.84,1.01945763091797,246.0,116393.725102722,1,1,23598.2892488978,3158.0371283628,1,61302000821,61302000820751
6.0,0.0,0.0,3750.0000000006276,9.302419354362428,7.71999979019165,-0.004666678110654195,-0.0005333338843294365,3570.000000000638,189.30241935435197,6.840000152587891,0.0,1.111083560577685e-05,2759.999999999984,999.3024193550059,9.550000190734863,-0.04733333587685014,0.002211110856769287,4019.9999999994025,260.6975806444125,6.610000133514404,-0.00033332506814367694,2.2222730848208987e-05,4710.00000000052,950.6975806455303,254.0,113.2,1.01945763091797,254.0,116211.93015789,1,1,23599.5376685685,3158.0371283628,1,61302000821,61302000820741
6.0,0.0,0.0,3990.0000000001246,2.764112902769284,8.079999923706055,0.0,0.0,3840.0000000000764,147.23588709727892,6.050000190734863,0.0,-1.1111365424111326e-05,2040.0000000003017,1947.2358870970536,8.65999984741211,0.0,-0.0029555553859825423,4170.000000000241,182.7641129028857,7.400000095367432,0.0,-1.1111365424485826e-05,4530.000000000017,542.764112902662,267.5,134.472222222222,1.01945763091797,267.5,116015.828319815,1,1,23601.0357721732,3158.0371283628,1,61302000821,61302000820731
6.0,0.0,0.0,3780.0000000002524,10.493951612807905,7.619999885559082,0.003666655222479272,0.00017777707840744677,4050.000000001232,280.49395161378743,6.820000171661377,-0.0009999910990342567,-5.55552376633191e-05,4650.000000000552,880.4939516131076,9.020000457763672,-0.004666646321660775,-0.0005444431305005939,3659.999999999946,109.5060483874986,6.619999885559082,0.00233332316079806,0.0001111104753273043,2730.0000000003415,1039.506048387103,258.0,105.84,1.01945763091797,258.0,115795.614133711,1,1,23602.2841918439,3158.0371283628,1,61302000821,61302000820721
6.0,0.0,0.0,4139.999999999494,6.991935483293673,7.460000038146973,-0.0003333250681530647,-0.0016444439358015614,4350.000000000129,216.9919354839285,7.190000057220459,-0.0003333250681565914,-7.777743869459299e-05,4649.999999999846,516.9919354836456,,,,,,,,,,,279.0,14.2222222222222,1.01945763091797,279.0,115620.684864815,1,1,23603.7822954487,3158.0371283628,1,61302000821,61302000820711
6.0,0.0,0.0,3750.0000000000646,12.133064516398917,9.149999618530273,0.024999999999566473,0.0017111110686843234,3510.0000000001323,227.86693548353333,7.03000020980835,0.0,4.444440205785685e-05,2250.000000001265,1487.8669354824005,9.460000038146973,0.06033333142681237,0.0026444445716561115,3899.999999999881,162.1330645162152,6.659999847412109,-0.00100000699362854,-3.333356645484755e-05,4290.0000000002465,552.1330645165808,247.5,245.0,1.01945763091797,247.5,115421.468584664,1,1,23605.2803990534,3158.0371283628,1,61302000821,61302000820701
6.0,0.0,0.0,2789.9999999998367,4.98387096761644,8.510000228881836,0.0,-0.0027888891432062673,2969.999999999358,175.0161290319047,6.21999979019165,-0.002000013987200206,-0.00015555646684059827,3599.9999999997503,805.0161290322972,8.859999656677246,-0.034000015258038155,-0.0018111112382150783,2609.9999999996307,184.98387096782244,6.139999866485596,0.0003333250681529561,-1.1111365424435163e-05,449.99999999931646,2344.9838709681367,188.0,49.0,1.01945763091797,188.0,115216.902881711,1,1,23606.7785026582,3158.0371283628,1,61302000821,61302000820691
6.0,0.0,0.0,2339.9999999995593,10.379032258010284,8.100000381469727,-0.0009999910990417297,-0.0023999998304886343,2489.999999999577,160.37903225802802,6.050000190734863,-0.001999998092666101,-6.666660308936117e-05,3089.9999999993292,760.3790322577802,,,,,,,,,,,156.5,148.25,1.01945763091797,156.5,115017.686599381,1,1,23608.276606263,3158.0371283628,1,61302000821,61302000820681
6.0,0.0,0.0,2279.9999999992906,10.040322580066459,7.699999809265137,-0.00333334604905546,-0.0021111117468860458,2369.9999999994834,100.04032258025927,6.159999847412109,-0.0006666660308691563,9.182541879447183e-16,2940.0000000004356,670.0403225812115,8.470000267028809,0.009666665394785872,0.0001444445715823672,2130.00000000026,139.95967741896402,7.380000114440918,0.0,3.3333036633862076e-05,1709.999999999896,559.959677419328,151.0,0.0,1.00049951104939,151.0,114818.470315963,1,1,23609.7747098677,792.527105285418,1,61302000821,61302000820671
6.0,0.0,0.0,2400.000000000249,6.423387096857368,8.649999618530273,-0.01000000635792488,-0.0003333335452673661,2309.999999999892,83.57661290349961,7.079999923706055,0.0006666660309014484,8.888880412118951e-05,1799.9999999994482,593.5766129039437,7.690000057220459,0.0,0.000155555407208665,2549.999999999943,156.42338709655132,6.349999904632568,-0.001000006993631784,-3.3333566455063805e-05,3119.9999999994084,726.4233870960165,162.0,32.0,1.00049951104939,162.0,114624.603453083,1,1,23611.2728134725,792.527105285418,1,61302000821,61302000820661
5.5,0.0,0.0,2430.000000000214,10.77822580665952,7.980000019073486,0.0,0.0,2310.0000000005484,109.22177419300624,6.929999828338623,0.0,-1.1110835605333398e-05,1740.0000000002158,679.2217741933389,7.559999942779541,-0.03966666857303883,-0.004933333396706503,2520.0000000012888,100.77822580773409,6.550000190734863,0.0,0.0,2820.000000001259,400.77822580770453,162.0,32.0,1.00137875887857,162.0,114422.712456673,1,1,23612.7709170773,1116.31741820645,1,61302000821,61302000820651
5.5,0.0,0.0,2219.9999999998267,0.060483870859115996,8.25,0.000333340962724176,-0.0005111106236753557,2100.0000000000064,120.06048387067949,6.989999771118164,0.0,0.0,1679.9999999997744,540.0604838709114,8.199999809265137,0.08999999364210165,0.002999999788067736,2310.000000000205,89.93951612951923,6.269999980926514,-0.002666664123533095,-0.00014444404178232567,2759.999999999985,539.9395161292991,150.5,0.25,1.00137875887857,150.5,114220.82145918,1,1,23614.2690206821,1116.31741820645,1,61302000821,61302000820641
5.5,0.0,0.0,2219.9999999995825,4.81451612941737,8.949999809265137,0.00033334096273396845,-0.0010777770148301434,2129.999999999474,94.81451612952606,6.880000114440918,0.0,0.0,1649.999999999381,574.8145161296188,8.029999732971191,0.08433332443422281,0.0028111108145357526,2309.9999999995825,85.18548387058263,5.909999847412109,-0.001999998092666283,1.1111365424709658e-05,2969.999999999774,745.1854838707741,151.0,0.122448979591837,1.00211639751826,151.0,114021.60517138,1,1,23616.016808221,1453.69097956216,1,61302000821,61302000820631
5.5,0.0,0.0,2219.999999999334,5.231854838211348,8.619999885559082,0.032333326339541314,0.0009333329730455757,2129.9999999999372,84.7681451611852,7.320000171661377,-0.004999987284309782,-0.0001666662428092372,1889.9999999998902,324.76814516123227,7.860000133514404,0.0,-0.0026222223705090367,2340.0000000003047,125.23185483918223,6.010000228881836,-0.0006666660308746436,-1.1111365423537086e-05,2879.999999999871,665.2318548387484,151.0,0.138888888888889,1.00396049411746,151.0,113797.144022546,1,1,23617.5149118257,2297.12488295145,1,61302000821,61302000820621
5.5,0.0,0.0,2220.0000000001132,4.814516128787091,10.1899995803833,0.017333316802993493,0.0015999995337747945,2039.9999999996232,184.81451612927708,8.15999984741211,-0.0016666730244878382,-2.2222730848140628e-05,1350.0000000000437,874.8145161288567,8.380000114440918,-0.026666673024423895,-0.0016444449954703191,2459.9999999999686,235.1854838710683,5.989999771118164,0.00033332506815440365,3.333303663439472e-05,3059.9999999997326,835.1854838708323,151.0,4.58333333333333,1.00396049411746,151.0,113600.602443132,1,1,23619.0130154305,2297.12488295145,1,61302000821,61302000820611
5.5,0.0,0.0,2520.0000000003943,11.885080645251492,8.25,-0.0026666641235119945,-0.00024444474114196797,2190.000000000701,318.11491935444155,5.679999828338623,0.0,0.0,779.999999999785,1728.1149193553579,5.5,0.0,0.0,2609.9999999999827,101.88508064483995,5.820000171661377,-0.0006666660308734713,1.1110835605969206e-05,3540.00000000039,1031.8850806452474,171.5,46.8888888888889,1.00396049411746,171.5,113203.886722687,1,1,23622.00922264,2297.12488295145,1,61302000821,61302000820591
5.5,0.0,0.0,2909.999999999951,3.54702933691442e-10,8.020000457763672,0.011000013351401912,0.00018888950347460093,2639.999999999684,269.99999999991223,6.300000190734863,0.0223333358756852,0.0012222221161798106,1830.0000000011291,1079.999999998467,,,,,,,,,,,195.0,105.84,1.00396049411746,195.0,112999.321007818,1,1,23623.2576423107,2297.12488295145,1,61302000821,61302000820581
5.5,0.0,0.0,3180.0000000003147,12.713709677707811,9.539999961853027,-0.06199998855707263,-0.002633332146623567,3390.000000000071,222.71370967746407,5.5,-0.012333329518525019,-0.00038888878291814155,4230.0000000010405,1062.7137096784336,17.010000228881836,0.0,-0.00604444503786397,2999.9999999997153,167.28629032289155,5.019999980926514,0.000666666030888089,-1.1111365424201604e-05,1949.9999999998247,1217.2862903227822,215.0,90.5555555555556,1.00442003317953,215.0,112817.525684296,1,1,23624.7557459155,1952.00499606527,1,61302000821,61302000820571
5.5,0.0,0.0,3750.0000000003133,11.334677419104992,8.380000114440918,-0.06566667556827793,-0.004188889397611007,3959.9999999995357,198.6653225801174,6.090000152587891,-0.000333325068161351,-1.111083560555925e-05,4949.99999999982,1188.6653225804016,8.470000267028809,-0.006333319346213228,-0.00021111064487721432,3420.000000000107,341.33467741931145,5.150000095367432,-0.0013333320617657186,-2.2222201029004548e-05,2579.9999999999823,1181.334677419436,254.0,109.04,1.00487957224159,254.0,112590.445439965,1,1,23626.0041655861,1606.8851091791,1,61302000821,61302000820561
5.5,0.0,0.0,3029.9999999995625,4.082661290918622,7.760000228881836,-0.003999996185399141,-0.0027777777778012812,3179.999999999558,145.91733870907683,6.210000038146973,0.0006666660308920957,4.854009266350501e-16,4109.999999999302,1075.9173387088213,7.630000114440918,0.0019999980926228697,3.333303663343183e-05,2760.000000000407,274.08266129007416,5.269999980926514,-0.0023333390554354867,-7.777796851639139e-05,1799.9999999994784,1234.0826612910028,205.5,110.25,1.00487957224159,205.5,112401.784072474,1,1,23627.5022691909,1606.8851091791,1,61302000821,61302000820551
5.5,0.0,0.0,3360.0000000000227,14.96370967741177,8.899999618530273,0.027999973296614068,0.00043333212532180467,3180.000000000718,194.96370967671646,6.25,-0.0033333301545274783,-3.3333036641530705e-05,2579.9999999998868,794.9637096775477,,,,,,,,,,,226.5,245.0,1.00487957224159,226.5,112197.218353666,1,1,23629.0003727956,1606.8851091791,1,61302000821,61302000820541
5.5,0.0,0.0,3599.9999999997062,12.665322580936845,5.5,-0.099666659037955,-0.0027666664124030658,3509.9999999997412,102.66532258090183,6.019999980926514,0.0006666660308931164,0.0001111110051491394,2549.99999999944,1062.6653225812029,,,,,,,,,,,243.0,46.8888888888889,1.06588638612502,243.0,111992.652633794,1,1,23630.4984764004,2275.98175119192,1,61302000821,61302000820531
5.5,0.0,0.0,3809.9999999995994,12.967741935709,8.609999656677246,0.00033330917357678473,-0.00034444597031606423,3690.0000000002033,132.9677419351051,6.300000190734863,0.0,4.444440205929048e-05,2999.9999999990473,822.9677419362611,,,,,,,,,,,257.0,26.5833333333333,1.12689320000845,257.0,111800.502618478,1,1,23631.9965800052,2945.07839320474,1,61302000821,61302000820521
5.5,0.0,0.0,3779.9999999994066,2.9604052542708814e-10,7.619999885559082,-0.013000011444059677,-0.0032222228579245815,3959.99999999995,180.00000000024738,5.0,0.0,0.0,5399.999999999632,1619.999999999929,7.28000020980835,-0.0033333301544988293,1.111083560372544e-05,3539.999999999311,240.00000000039154,4.440000057220459,-0.0013333320617334014,1.1111365426083748e-05,1980.0000000001246,1799.999999999578,252.0,258.888888888889,1.12689320000845,252.0,111603.961028302,1,2,23633.49468361,2945.07839320474,1,61302000821,61302000820511
5.5,0.0,0.0,3179.9999999995916,14.104838709085925,7.539999961853027,0.0,0.0,3479.999999999069,314.1048387085634,5.0,0.0,0.0,4800.000000001018,1634.104838710512,7.699999809265137,0.013333320617667697,0.0008555550045513093,2939.999999999141,225.89516129136473,3.990000009536743,-0.0009999990463066372,0.0002555558416534406,1230.0000000002533,1935.8951612902524,212.0,179.6,1.12689320000845,212.0,111395.962284067,1,2,23634.7431032806,2945.07839320474,1,61302000821,61302000820501
5.5,0.0,0.0,2849.9999999989514,2.4254032251774333,6.579999923706055,0.0,0.0,2489.9999999981205,357.5745967756534,3.640000104904175,0.0,-1.1111100514579752e-05,749.9999999990401,2097.574596774734,7.639999866485596,0.001999998092690445,-6.666660308583839e-05,3029.999999998109,182.42540322433524,5.0,0.0,0.0,4529.999999998346,1682.4254032245717,190.0,244.138888888889,1.12689320000845,190.0,111202.718821679,1,1,23636.2412068854,2945.07839320474,1,61302000821,61302000820491
5.5,0.0,0.0,2249.999999999473,9.774193548779749,6.710000038146973,-0.0019999980926200655,-0.000255555576740963,1979.99999999878,279.7741935494728,3.8499999046325684,-0.0006666660308733552,-6.666660308753182e-05,449.99999999965195,1809.7741935486008,,,,,,,,,,,152.5,89.8055555555555,1.12689320000845,152.5,111000.82848579,1,1,23637.7393104901,2945.07839320474,1,61302000821,61302000820481
5.5,0.0,0.0,2489.9999999999936,3.4475806461855427,7.789999961853027,-0.0003333409627228218,-0.00010000069935768433,2700.000000000875,206.55241935469576,5.0,-0.03066666920914599,-0.0010000001059211655,3960.000000000772,1466.552419354593,7.25,0.03099999427735826,0.0009222216075927602,2340.0000000019704,153.44758064420876,5.769999980926514,-0.0010000069935954948,0.0001999998092654235,1920.0000000002692,573.44758064591,170.0,208.816326530612,1.12689320000845,170.0,110818.23568306,1,1,23639.487098029,2945.07839320474,1,61302000821,61302000820471
5.5,0.0,0.0,2010.000000001157,6.193548388056797,8.140000343322754,0.0,1.1110305786150833e-05,2250.00000000003,246.1935483869297,6.199999809265137,-0.0006666660308843348,-1.1110835604870901e-05,3420.000000000008,1416.1935483869079,8.079999923706055,0.0,-0.0010888889100496388,1770.000000000421,233.8064516126792,3.4200000762939453,-0.00033333301546285837,1.1111100513368524e-05,299.9999999997559,1703.8064516133445,136.5,150.472222222222,1.12689320000845,136.5,110602.954049673,1,1,23640.9852016338,2945.07839320474,1,61302000821,61302000820461
5.5,0.0,0.0,2100.000000001272,14.304435482290046,7.789999961853027,0.004333337148059369,-0.0006444443596786809,1709.999999999463,404.30443548409903,3.869999885559082,0.0,7.777796851102467e-05,330.0000000002877,1784.3044354832743,8.380000114440918,0.0036666552225008927,6.66660732653071e-05,2399.9999999998713,285.69556451630933,6.210000038146973,0.0,-1.1111365424386621e-05,3659.9999999987913,1545.6955645152293,151.0,279.34693877551,1.12792942712562,151.0,110419.389307114,1,1,23642.7329891727,2811.80509758798,1,61302000821,61302000820451
5.5,0.0,0.0,2219.999999999451,1.995967742943776,7.940000057220459,0.0,-0.0001555554071992002,2550.000000000018,328.0040322576233,6.059999942779541,-0.0010000069936488673,-6.666713291042876e-05,3809.999999998816,1588.004032256421,7.900000095367432,0.00100000699359144,5.555576748279741e-05,1889.9999999998995,331.9959677424954,4.380000114440918,0.0,6.666660308750402e-05,989.9999999996164,1231.9959677427785,170.0,120.888888888889,1.13414678982861,170.0,110194.9291021,1,1,23644.2310927775,2012.16532388741,1,61302000821,61302000820441
5.5,0.0,0.0,2190.0000000006826,0.42338709735713564,7.53000020980835,-0.00466666221622062,-0.0005222219891089813,2580.000000000778,390.42338709745263,5.190000057220459,-0.0006666660308881344,3.333356645420012e-05,3809.9999999997362,1620.4233870964108,8.140000343322754,0.007333342234343364,0.0001888889736607666,1799.9999999996423,389.5766129036831,3.559999942779541,0.0003333330154336535,3.333330154257674e-05,480.0000000013194,1709.576612902006,166.0,105.265306122449,1.13414678982861,166.0,110004.496800919,1,1,23645.9788803164,2012.16532388741,1,61302000821,61302000820431
5.5,0.0,0.0,2399.9999999997667,12.731854837998071,7.179999828338623,0.0026666641234197514,6.666660308001728e-05,2790.0000000012333,402.73185483946463,5.650000095367432,-0.0016666571299511915,-2.2221671211238923e-05,3719.9999999996458,1332.731854837877,7.789999961853027,0.005666669209820768,0.0006444443596821266,2100.000000000683,287.2681451610856,3.450000047683716,-0.000333333015456358,-1.1111100515694049e-05,689.999999999984,1697.2681451617846,180.0,90.4722222222222,1.13414678982861,180.0,109788.686525737,1,1,23647.4769839212,2012.16532388741,1,61302000821,61302000820421
5.5,0.0,0.0,1949.9999999993468,13.983870968219662,7.210000038146973,-0.0013333320618149121,-0.00019999980927052767,2669.999999999038,706.0161290314718,5.760000228881836,0.0,3.3333036634877926e-05,3449.999999999226,1486.0161290316596,7.789999961853027,-0.010000006357900703,-0.00033333354526575426,1619.999999998399,343.98387096916736,3.9800000190734863,-0.0006666660308353989,0.00012222237056608735,330.00000000110293,1633.9838709664634,148.0,75.36,1.13414678982861,148.0,109595.579470642,1,1,23648.7254035918,2012.16532388741,1,61302000821,61302000820411
5.0,0.0,0.0,2340.000000001304,0.1814516144386289,7.300000190734863,0.003666671117107459,0.00012222237056893693,2759.9999999995744,420.18145161270877,6.269999980926514,0.0010000069936162619,-8.888827429846666e-05,3540.0000000004197,1200.1814516135541,8.4399995803833,-0.01500002543129214,-0.0004333347744398624,1919.9999999995018,419.81854838736376,4.070000171661377,-0.0016666571299107215,-3.3333036633164595e-05,119.99999999981584,2219.8185483870498,150.0,139.102040816327,1.13414678982861,150.0,109420.969510078,1,1,23650.4731911307,2012.16532388741,1,61302000821,61302000820401
5.0,0.0,0.0,2729.9999999993574,10.94758064473126,7.570000171661377,0.0033333460489710282,-0.0026333326763001105,3000.000000000016,280.94758064538973,5.599999904632568,-0.0006666660308908831,-3.6918529576420925e-16,4229.999999999773,1510.9475806451464,8.020000457763672,-0.011999988555607525,-0.0006111113230106596,2280.0000000004325,439.0524193541937,4.900000095367432,-0.000999991099018172,-3.3333036633221014e-05,420.0000000004208,2299.0524193542055,151.0,189.805555555556,1.15656934129079,151.0,109190.323037127,1,1,23651.9712947355,2079.18945244186,1,61302000821,61302000820391
5.0,0.0,0.0,3479.999999999292,3.6955645154180274,7.980000019073486,-0.005333344141798039,-0.00032222270966811805,2939.999999999719,536.304435484155,3.9100000858306885,0.0,1.1111100515098373e-05,959.9999999990476,2516.304435484826,8.0,0.02166666984677818,0.0007222223282658433,3719.9999999990778,243.69556451520384,5.510000228881836,0.0,4.444440205877375e-05,4889.99999999924,1413.6955645153657,190.0,564.609375,1.20141444421516,190.0,109010.81326664,1,1,23653.9687662085,2213.23770955076,1,61302000821,61302000820381
5.0,0.0,0.0,2940.000000001124,13.548387095713224,8.1899995803833,-0.014333343505647104,-0.0014111110898990616,3240.0000000003774,286.4516129035401,6.409999847412109,0.0,0.0,3630.0000000013383,676.451612904501,7.769999980926514,0.0026666641235710913,-0.00023333337571536386,2670.000000000556,283.5483870962812,5.110000133514404,0.01566667556865892,0.0005000003179598229,1559.9999999995994,1393.548387097238,160.0,140.0,1.20141444421516,160.0,108789.385116214,1,1,23655.4668698133,2213.23770955076,1,61302000821,61302000820371
5.0,0.0,0.0,2550.000000000715,12.338709677334009,8.989999771118164,0.02199999491281524,-0.0029666667514014655,2820.0000000016125,282.3387096782317,5.78000020980835,0.0,0.0,3629.9999999997603,1092.3387096763795,,,,,,,,,,,136.5,200.888888888889,1.20141444421516,136.5,108602.374126643,1,1,23656.964973418,2213.23770955076,1,61302000821,61302000820361
5.0,0.0,0.0,2249.9999999996185,12.193548386267594,8.930000305175781,0.01866668065324682,-0.003122221628846632,2610.000000000592,372.1935483872412,5.730000019073486,-0.0006666660309024742,-1.111083560650564e-05,3540.0000000003374,1302.1935483869865,7.300000190734863,0.0,0.00019999980925183538,1710.0000000018551,527.8064516114957,6.050000190734863,-0.0009999910990057973,-4.444387223787213e-05,1080.0000000010784,1157.8064516122724,123.0,113.061224489796,1.20141444421516,123.0,108409.267070761,1,1,23658.712760957,2213.23770955076,1,61302000821,61302000820351
5.0,0.0,0.0,2399.9999999990587,1.9354838716849372,7.050000190734863,0.008000008264917353,0.0002555561065497816,1799.9999999991335,601.9354838716101,5.739999771118164,0.0,0.0,1199.9999999983206,1201.935483872423,,,,,,,,,,,136.5,226.222222222222,1.20141444421516,136.5,108194.579563148,1,1,23660.2108645617,2213.23770955076,1,61302000821,61302000820341
5.0,0.0,0.0,2669.999999998718,12.792338710116837,6.679999828338623,-0.006333335240912563,-0.0005111111535178575,2159.9999999980237,522.7923387108112,5.760000228881836,0.0,2.2222201028565297e-05,1709.9999999994807,972.7923387093542,,,,,,,,,,,161.0,343.805555555556,1.20141444421516,161.0,108005.864151713,1,1,23661.7089681665,2213.23770955076,1,61302000821,61302000820331
5.0,0.0,0.0,2939.999999999142,1.24596774359361,6.679999828338623,0.0029999891917149094,6.666607326933442e-05,2369.999999998661,571.2459677440743,5.75,-0.0003333409627409035,-5.298194110694845e-10,1379.9999999986799,1561.2459677440556,,,,,,,,,,,192.0,98.0,1.25928356371975,192.0,107806.648570024,1,1,23663.2070717713,1978.67211697956,1,61302000821,61302000820321
5.0,0.0,0.0,2609.9999999995275,0.8467741936829043,7.570000171661377,0.008000008265072878,0.0006555557250990524,2339.9999999994166,270.84677419379386,5.789999961853027,-0.00033334096272351154,-5.298197144232932e-10,1290.0000000012749,1320.8467741919355,,,,,,,,,,,192.0,0.0,1.28821812347205,192.0,107602.083488976,1,1,23664.705175376,1861.38932069396,1,61302000821,61302000820311
5.0,0.0,0.0,2699.999999999773,7.348790322737841,7.96999979019165,0.019333330792004725,0.0004777775871583937,2460.000000000311,247.34879032219987,5.710000038146973,0.0,1.1110835605164135e-05,1469.9999999996444,1237.3487903228665,7.710000038146973,0.0,-0.00037777794734187377,3150.0000000005416,442.6512096780307,6.070000171661377,-0.0003333250681448491,-3.333303663312716e-05,3930.000000000921,1222.65120967841,203.5,113.805555555556,1.28821812347205,203.5,107394.843658376,1,1,23666.2032789808,1861.38932069396,1,61302000821,61302000820301
5.96999979019165,0.03233332633942467,0.0010777775446375887,2580.0,3.5080645162674955,8.670000076293945,0.0323333422349244,0.0008333338631930123,2249.9999999986626,333.5080645176049,5.840000152587891,-0.0006666660308938288,-4.444440206025791e-05,1799.9999999993104,783.5080645169571,,,,,,,,,,,189.0,656.0,1.28821812347205,189.0,107208.669648159,1,1,23667.9510665197,1861.38932069396,1,61302000821,61302000820291
5.0,-0.021000003814631213,-0.00045555591581632936,1739.9999999991446,7.4032258059583,6.059999942779541,0.00500000317902743,0.00016666677263801576,2039.9999999992465,307.40322580606016,5.150000095367432,0.0003333409627334076,2.222273084936308e-05,2579.9999999996203,847.403225806434,5.0,-0.07199999491351051,-0.002477777269136121,1319.9999999995625,412.5967741936238,5.980000019073486,0.0,1.1110835605227292e-05,869.999999999527,862.5967741936594,123.0,90.0,1.28821812347205,123.0,106993.453433959,1,1,23669.4491701245,1861.38932069396,1,61302000821,61302000820281
5.0,0.0,0.0,2159.999999999416,2.8830982046201825e-10,6.409999847412109,0.0,-6.666660308880535e-05,2759.999999999104,599.9999999993997,5.199999809265137,0.0009999910990429119,7.777743869442086e-05,3269.9999999990805,1109.999999999376,7.349999904632568,0.0063333352405346025,0.00021111117467957464,1799.9999999999704,359.999999999734,6.210000038146973,0.0003333409627239183,0.00010000069936045426,1439.999999999424,720.0000000002804,155.5,147.138888888889,1.28821812347205,155.5,106786.143867242,1,1,23670.9472737293,1861.38932069396,1,61302000821,61302000820271
5.0,0.0,0.0,2369.99999999997,9.096774193662895,7.639999866485596,0.03000000317931229,0.000755555894662775,1739.9999999995425,620.9032258067646,5.920000076293945,-0.0003333250681587792,-2.222167121082781e-05,1439.9999999994802,920.9032258068269,7.869999885559082,0.0003333250681587792,-0.00045555591584251555,2789.9999999996485,429.0967741933414,4.690000057220459,0.001999998092638604,-1.1111365426304975e-05,3659.999999999869,1299.096774193562,152.0,2.22222222222222,1.1220504271143,152.0,106590.361284567,1,1,23672.445377334,1790.39874263373,1,61302000821,61302000820261
5.0,0.0,0.0,2879.9999999998513,14.933467741916502,8.0,0.0019999980926534286,8.90288999930148e-16,2549.999999999562,344.9334677422057,5.739999771118164,-0.00033334096272470654,-1.1111365424051616e-05,1440.0000000004404,1454.9334677413274,6.730000019073486,-0.06933334668435968,-0.0030444457795649727,3119.9999999992224,225.06653225745458,4.449999809265137,0.00133333206177829,4.444440205963339e-05,3839.9999999996353,945.0665322578675,171.0,173.555555555556,1.03896657893542,171.0,106405.07871086,1,1,23673.9434809388,1754.90345360362,1,61302000821,61302000820251
5.0,0.0,0.0,3449.9999999999754,3.8709677424512847,7.480000019073486,-0.007333326339988909,-0.0003666660520972423,3059.9999999998045,393.87096774262227,5.849999904632568,0.0009999910990529466,1.111083560517154e-05,2489.9999999999172,963.8709677425095,6.21999979019165,0.0009999910990356208,0.0016777775022387873,3870.0000000010546,416.12903225862783,4.610000133514404,-0.002333323160777157,-2.2221671207879044e-05,4350.000000000996,896.1290322585692,215.0,86.3333333333333,1.03896657893542,215.0,106210.253973434,1,1,23675.4415845436,1754.90345360362,1,61302000821,61302000820241
5.0,0.0,0.0,2999.999999999797,14.334677419566106,5.860000133514404,0.02866667111812017,0.0009555557039697845,3299.9999999991546,285.66532257979134,4.610000133514404,-0.0009999910990400014,-0.00011111047532753943,3959.999999999447,945.6653225800837,7.699999809265137,0.018333323796327274,0.0005777772267488926,2639.999999999945,374.3346774194183,5.78000020980835,-0.0006666660308984521,-4.444440206012115e-05,2099.9999999995525,914.3346774198108,190.0,369.84,1.03896657893542,190.0,105987.651467934,1,1,23676.6900042142,1754.90345360362,1,61302000821,61302000820231
5.0,0.0,0.0,2190.0000000000887,6.133064516088325,6.449999809265137,0.0026666641235909587,-3.333303663441627e-05,1799.9999999989811,396.13306451719586,5.760000228881836,-0.00033332506815992615,5.298190894428093e-10,1499.9999999999088,696.1330645162682,6.059999942779541,0.03533333142574743,0.0011777777141836721,2489.99999999979,293.8669354836129,5.199999809265137,0.0006666660308638711,8.88888041154678e-05,2819.99999999996,623.866935483783,143.0,231.555555555556,1.20803427352574,143.0,105791.549611703,1,1,23678.188107819,2132.47184647405,1,61302000821,61302000820221
5.0,0.0,0.0,2160.0000000005284,13.681451613261743,6.239999771118164,0.00033332506816668154,2.2221671211184692e-05,1890.0000000005978,256.3185483866689,5.869999885559082,-0.00033334096274648437,-5.298203296523825e-10,1319.9999999997115,826.3185483875552,6.25,0.0023333390554444175,7.777796851698677e-05,2460.000000000329,313.6814516130621,5.119999885559082,0.0,5.5555767483303526e-05,2849.9999999999977,703.681451612731,148.0,73.36,2.05337274647731,148.0,105585.189880406,1,1,23679.4365274896,4020.31381082622,1,61302000821,61302000820211
5.0,0.0,0.0,2279.9999999999136,7.633064516345712,6.420000076293945,0.007666667302507244,0.00016666677263348214,2039.999999999736,247.6330645165233,5.880000114440918,-0.00033332506815121545,-1.1110835604883547e-05,1589.9999999999716,697.6330645162877,6.539999961853027,0.05133333205950246,0.001711111068574578,2400.0000000010605,112.36693548480116,5.119999885559082,-0.0003333409627275917,8.888827430001988e-05,2939.9999999995152,652.3669354832559,169.0,731.714285714286,2.05337274647731,169.0,105427.465813066,1,1,23681.1843150285,4020.31381082622,1,61302000821,61302000820201
5.0,0.0,0.0,1829.999999999812,3.568548387342844,6.53000020980835,0.0,-0.0017000002331142038,2010.00000000005,176.43145161289522,5.320000171661377,-0.00033332506815383775,6.666713290764399e-05,2399.999999999916,566.4314516127611,6.239999771118164,0.0053333282469991295,0.00021111117468482766,1650.0000000000705,183.56854838708432,5.760000228881836,-0.0006666660308774529,2.1053037785123433e-16,1290.0000000002415,543.5685483869133,142.0,374.530612244898,2.05337274647731,142.0,105199.109490599,1,1,23682.9321025674,4020.31381082622,1,61302000821,61302000820191
5.0,0.0,0.0,1769.9999999995096,1.9294354844030295,6.409999847412109,0.0,-0.00016666624281374426,1410.0000000000637,361.9294354838489,5.860000133514404,0.0003333409627398765,1.1111365425062947e-05,629.9999999993033,1141.9294354846093,7.289999961853027,-0.00866667429612176,-0.0012111118104624046,2249.9999999999695,478.07056451605695,6.329999923706055,0.0016666571298867188,0.0001666662428080936,2850.000000000462,1078.0705645165494,129.0,37.36,2.05337274647731,129.0,104991.087475451,1,1,23684.1805222381,4020.31381082622,1,61302000821,61302000820181
5.0,0.0,0.0,2789.9999999997112,5.29838709654814,6.460000038146973,-0.00700000127149912,-0.0005888891220004801,2550.0000000002774,234.7016129028857,5.760000228881836,0.0,1.1110835605067125e-05,2160.0000000001364,624.7016129030267,6.860000133514404,-0.005999994277834321,-0.0006222221586338626,3000.000000000238,215.29838709707474,6.71999979019165,0.0,-5.555523766482835e-05,3540.000000000115,755.298387096952,189.0,147.551020408163,2.05337274647731,189.0,104811.966851276,1,1,23685.928309777,4020.31381082622,1,61302000821,61302000820171
5.0,0.0,0.0,3719.999999999868,2.7338709678238047,7.210000038146973,0.006333335240798801,0.00031111134423922944,3569.9999999996226,152.73387096806937,5.849999904632568,-0.0006666660308905092,-4.611473240351496e-16,3059.9999999999227,662.7338709677692,6.449999809265137,0.005999994277912174,0.00025555557674536043,3930.0000000000905,207.26612903239857,6.360000133514404,0.001000006993623083,7.777796851429971e-05,4139.999999999661,417.26612903196883,246.5,194.555555555556,2.05337274647731,246.5,104591.533511821,1,1,23687.4264133817,4020.31381082622,1,61302000821,61302000820161
5.0,0.0,0.0,4140.000000000747,0.18145161319171166,7.090000152587891,-0.00433332125344677,-0.0007111104329367533,3810.0000000008254,329.8185483867296,5.889999866485596,0.0,1.1111365424322618e-05,3480.000000000686,659.8185483868688,7.550000190734863,0.02166666984560076,0.0003666665818949897,4380.000000000639,240.1814516130844,6.809999942779541,0.009666665395144578,0.00040000014835267126,4620.0000000009695,480.18145161341454,270.0,43.5555555555556,2.05337274647731,270.0,104401.100343735,1,1,23688.9245169865,4020.31381082622,1,61302000821,61302000820151
5.0,0.0,0.0,3959.9999999999186,2.4072580644087793,6.920000076293945,-0.0013333320617676388,-1.1111365424153015e-05,3690.0000000000364,267.59274193547344,5.889999866485596,-0.00033334096271805697,-1.1111365423608312e-05,3270.0000000003593,687.5927419351506,6.420000076293945,0.0013333320617806748,-0.00011111153496959023,4139.999999999907,182.4072580643974,6.25,-0.0016666730245118136,-6.666713290871788e-05,4319.999999999798,362.40725806428827,258.0,84.4722222222222,2.05337274647731,258.0,104212.978150521,1,1,23690.4226205913,4020.31381082622,1,61302000821,61302000820141
5.0,0.0,0.0,3539.999999998989,13.693548385904705,6.360000133514404,-0.01899998982781323,-0.00063333299427175,3419.999999999815,106.30645161326947,5.75,0.0,1.1111365424264174e-05,2400.000000000006,1126.3064516130785,7.929999828338623,0.09766666094636474,0.003255555364936957,3629.9999999992638,103.69354838617937,5.420000076293945,0.003333330154531925,-8.88893339337247e-05,4649.999999998844,1123.6935483857596,233.0,105.84,2.05337274647731,233.0,103998.113353116,1,1,23691.6710402619,4020.31381082622,1,61302000821,61302000820131
5.0,0.0,0.0,2730.0000000003415,5.927419354665744,6.78000020980835,0.0,-0.00020000033908839114,2579.9999999999313,155.92741935507593,5.739999771118164,-0.00033334096272017664,-1.1111365423749624e-05,1409.9999999997763,1325.927419355231,5.0,0.0,0.0,2820.0000000004047,84.07258064539747,4.940000057220459,-0.0026666641236197594,-0.00012222237057769422,3779.999999999256,1044.0725806442488,181.0,756.56,2.05337274647731,181.0,103793.996007343,1,1,23692.9194599326,4020.31381082622,1,61302000821,61302000820121
5.0,0.0,0.0,2549.9999999993665,11.310483870926419,6.610000133514404,0.0033333301545142905,8.88882743052215e-05,2399.9999999989845,161.3104838713084,5.840000152587891,0.0010000069936095997,4.444493187748834e-05,1619.9999999996212,941.3104838706718,6.78000020980835,-0.0009999910990364242,-0.0004999997880547744,2759.999999999835,198.68951612954197,5.199999809265137,-0.00033334096273657064,2.2221671211555723e-05,3359.999999998717,798.6895161284242,170.0,136.816326530612,2.05337274647731,170.0,103604.760287607,1,1,23694.6672474715,4020.31381082622,1,61302000821,61302000820111
5.0,0.0,0.0,2400.000000001093,13.125000000591172,6.449999809265137,-0.0016666730245140369,-3.333356645446556e-05,2190.000000001509,196.8749999989932,5.78000020980835,-0.0003333250681499472,5.298186744015842e-10,1350.0000000021666,1036.8749999983354,5.880000114440918,0.0013333320618636611,2.2222201034040457e-05,2789.9999999996917,403.12499999918964,5.429999828338623,-0.001333332061740738,5.298218207876502e-10,3570.0000000005425,1183.1250000000405,155.5,3.25,2.05337274647731,155.5,103383.733860768,1,1,23696.1653510762,4020.31381082622,1,61302000821,61302000820101
5.0,0.0,0.0,1920.0000000002701,8.516129032245772,6.440000057220459,-0.006333335240319798,-0.0004222223493502211,1770.0000000010496,158.51612903146633,5.829999923706055,-0.0003333409627296596,-1.1111365424381822e-05,990.0000000004435,938.5161290320724,5.880000114440918,0.00199999809266504,9.999963972424262e-05,2130.000000001016,201.4838709685,5.5,0.0,8.88888041214051e-05,2429.9999999995307,501.4838709670148,128.0,367.387755102041,2.05337274647731,128.0,103199.04635275,1,1,23697.9131386151,4020.31381082622,1,61302000821,61302000820091
5.0,0.0,0.0,1739.9999999986,1.1491935475351056,6.550000190734863,0.00033334096273433225,-8.888880411567855e-05,1499.999999998863,238.85080645220205,5.840000152587891,-0.0006666660308814244,-2.2222201029301988e-05,810.0000000001852,928.8508064508798,,,,,,,,,,,111.5,67.8055555555556,2.05337274647731,111.5,102985.547090393,1,1,23699.4112422199,4020.31381082622,1,61302000821,61302000820081
5.0,0.0,0.0,2370.000000001813,0.2419354849203046,6.730000019073486,0.0050000031788503445,0.00015555593702050577,2190.0000000008185,179.75806451607423,5.78000020980835,-0.00033332506815292323,-1.1110835604997399e-05,1440.0000000020843,929.7580645148084,,,,,,,,,,,150.0,227.44,2.05337274647731,150.0,102792.440032097,1,1,23700.6596618906,4020.31381082622,1,61302000821,61302000820071
5.0,0.0,0.0,2790.0000000002356,9.725806452127927,6.760000228881836,0.0016666730245415492,-5.555523766480054e-05,3089.9999999993283,309.7258064512207,6.21999979019165,0.0,-1.1110835605122873e-05,3449.9999999999864,669.7258064518787,5.0,-0.08666666348785869,-0.0031222221586533275,2699.9999999987813,80.27419354932636,5.800000190734863,0.001000006993601255,3.333356645302855e-05,1889.9999999995846,890.274193548523,179.0,363.551020408163,2.05337274647731,179.0,102610.645070149,1,1,23702.4074494295,4020.31381082622,1,61302000821,61302000820061
5.0,0.0,0.0,2639.999999999189,2.9516129041421664,8.1899995803833,0.004333305358908921,-0.001011112531016089,2489.9999999991455,152.95161290418582,5.75,-0.00033334096272559836,-5.298188677785545e-10,1679.999999999331,962.9516129040003,6.800000190734863,0.0040000120799183305,-0.0017333327399407384,2819.999999999786,177.04838709645446,6.590000152587891,-0.00033332506815462597,4.4444931878460414e-05,3089.999999999844,447.04838709651267,169.0,351.6,2.05337274647731,169.0,102400.084821304,1,1,23703.6558691001,4020.31381082622,1,61302000821,61302000820051
5.0,0.0,0.0,3629.999999998404,10.983870966393624,6.860000133514404,-0.01033333142583762,-0.0003444443808563513,3330.000000000385,289.01612903162504,5.710000038146973,0.00033334096273058807,2.22227308488743e-05,2429.9999999991514,1189.0161290328588,,,,,,,,,,,233.0,995.76,2.05337274647731,233.0,102195.392840083,1,1,23704.9042887707,4020.31381082622,1,61302000821,61302000820041
5.0,0.0,0.0,3269.9999999995553,12.217741935724916,7.170000076293945,-0.02966667811072024,-0.0025000010596215624,3149.999999999903,132.21774193537703,5.710000038146973,0.0,-1.1111365424022141e-05,2190.0000000000064,1092.2177419352738,,,,,,,,,,,216.0,0.0,2.05337274647731,216.0,101999.290784848,1,1,23706.4023923755,4020.31381082622,1,61302000821,61302000820031
5.0,0.0,0.0,2970.00000000035,6.895161290270153,6.829999923706055,0.003999996185314922,0.00029999997880930044,2820.000000000249,156.8951612903711,5.880000114440918,0.000333340962722458,1.1111365423901715e-05,2280.0000000007335,696.8951612898868,,,,,,,,,,,195.5,146.472222222222,2.05337274647731,195.5,101785.942602448,1,1,23707.9004959803,4020.31381082622,1,61302000821,61302000820021
4.5,0.0,0.0,3239.9999999998354,2.485887096316219,6.230000019073486,0.002333339055323348,0.00010000016953799011,3030.0000000009036,207.51411290261558,5.849999904632568,-0.0013333320617693162,-2.2222201030256283e-05,2670.0000000007317,567.5141129027875,,,,,,,,,,,213.0,14.6666666666667,1.74922371769066,213.0,101203.983649018,1,1,23712.3948067946,2572.73018472319,1,61302000811,61302000810571
4.5,0.0,0.0,2759.999999999101,12.241935483404177,7.460000038146973,-0.06366666157932856,0.0016222222646692032,3029.999999999934,282.2419354842373,6.46999979019165,0.00033332506816064866,1.1110835605512429e-05,3509.999999998724,762.2419354830272,6.320000171661377,-0.0009999910990538712,-0.0001999998092656258,2459.9999999996235,287.7580645160733,5.789999961853027,0.0006666660308932275,0.00012222237057502264,2249.9999999988718,497.758064516825,184.0,356.64,1.74922371769066,184.0,100980.336599284,1,1,23713.6432264653,2572.73018472319,1,61302000811,61302000810561
4.5,0.0,0.0,2219.999999999811,13.923387096902843,5.730000019073486,-0.00466666221606648,-0.0004999997880604449,2130.0000000003733,103.92338709634032,3.359999895095825,0.0,6.666686799845542e-05,1139.9999999998813,1093.9233870968324,,,,,,,,,,,154.0,372.555555555555,1.74922371769066,154.0,100584.517953489,1,1,23717.138801543,2572.73018472319,1,61302000811,61302000810541
4.5,0.0,0.0,2790.0000000002165,7.276209677409042,6.389999866485596,0.01733333269742828,0.0019000000423637512,2640.000000000327,157.27620967729854,3.440000057220459,-0.00033333301544333455,-1.6850850865204588e-16,1680.0000000002528,1117.2762096773727,,,,,,,,,,,190.0,10.8571428571429,1.74922371769066,190.0,100401.017716152,1,1,23718.886589082,2572.73018472319,1,61302000811,61302000810531
4.5,0.0,0.0,2789.9999999996953,7.524193548200856,5.579999923706055,0.0023333231608102627,8.888827429909186e-05,2669.999999999791,112.47580645170365,4.25,0.001666673024504904,6.666713290815146e-05,2069.999999999731,712.4758064517637,,,,,,,,,,,189.0,423.34693877551,1.74922371769066,189.0,99998.2723638107,1,1,23722.1324802256,2572.73018472319,1,61302000811,61302000810511
4.5,0.0,0.0,2760.000000000165,12.241935483853013,5.550000190734863,-0.005333328247045332,-0.00035555521646711796,2640.000000000496,107.75806451581593,3.9800000190734863,-0.0010000069936056055,2.222167121061544e-05,2250.0000000003033,497.75806451600874,,,,,,,,,,,185.0,16.0,1.74922371769066,185.0,99784.1778338481,1,1,23723.6305838304,2572.73018472319,1,61302000811,61302000810501
4.5,0.0,0.0,2309.999999999828,3.2177419360218664,5.369999885559082,-0.0030000050862482417,-0.00043333371480511635,2160.0000000003356,153.21774193551437,3.619999885559082,0.0003333330154390448,3.333356645356364e-05,1770.0000000002424,543.2177419356076,,,,,,,,,,,157.5,72.25,1.74922371769066,157.5,99592.7868115277,1,1,23725.1286874352,2572.73018472319,1,61302000811,61302000810491
4.5,0.0,0.0,2400.000000000651,8.443548386531802,5.869999885559082,-0.00033334096272083605,-0.0006888892915433273,2280.000000000686,128.4435483864968,4.019999980926514,0.0006666660308598087,0.0001000001695376707,1860.0000000008154,548.4435483863676,,,,,,,,,,,162.0,106.775510204082,1.74922371769066,162.0,99400.6367725726,1,1,23726.8764749741,2572.73018472319,1,61302000811,61302000810481
4.5,0.0,0.0,2549.9999999999277,1.0403225812347046,7.519999980926514,0.012333329518761512,-0.0006333335240810801,2369.999999998958,178.95967741973482,4.320000171661377,0.0,0.0,1889.9999999986328,658.9596774200602,7.039999961853027,-0.0023333390554411636,-0.002977778116875999,2699.999999999016,151.04032258032294,6.659999847412109,0.0016666571299072581,7.777743869235733e-05,2969.9999999995694,421.04032258087636,174.0,17.0,1.38662593642216,174.0,99186.8189882608,1,1,23728.3745785788,3382.87976095374,1,61302000811,61302000810471
4.5,0.0,0.0,2579.999999999991,7.43346774202837,6.519999980926514,0.0033333301543389602,0.00011111100514196585,2400.0000000010878,172.56653225687478,4.460000038146973,-0.0003333250681567253,-3.333303663522404e-05,1890.0000000000023,682.5665322579603,,,,,,,,,,,177.5,88.4722222222222,1.02402815515367,177.5,98979.5094069645,1,1,23729.8726821836,4193.02933718428,1,61302000811,61302000810461
4.5,0.0,0.0,3240.0000000004866,0.9919354833282341,7.659999847412109,0.031666660309088934,0.0011111111111288588,3030.0000000001073,210.9919354837075,4.300000190734863,-0.0006666660308699648,-4.4444402057898276e-05,2370.0000000005716,870.9919354832432,,,,,,,,,,,219.0,321.25,1.02402815515367,219.0,98768.8359292409,1,1,23731.3707857884,4193.02933718428,1,61302000811,61302000810451
4.5,0.0,0.0,3810.0000000002815,1.9657258065981296,7.889999866485596,0.0,-0.00033333301543940356,3570.0000000003843,238.0342741932991,4.150000095367432,0.0013333320617444971,5.555523766245406e-05,2970.000000000734,838.0342741929494,8.229999542236328,0.06199998855583302,0.002066666285191928,3990.0000000001755,181.96572580649217,5.670000076293945,0.004666662216244246,0.00031111081441780156,4860.000000000022,1051.9657258063385,256.0,93.4722222222222,1.02402815515367,256.0,98572.294312494,1,1,23732.8688893932,4193.02933718428,1,61302000811,61302000810441
4.5,0.0,0.0,4319.9999999999145,3.3145161289094176,9.279999732971191,0.048666652044301546,0.0019999991523337803,4050.000000000014,266.685483870991,4.170000076293945,-0.0003333250681566066,1.1111365424307627e-05,3510.0000000000523,806.6854838709528,6.659999847412109,0.0009999910990380462,-3.33335664541058e-05,4680.000000000076,363.3145161290713,5.610000133514404,-0.0019999980926480323,-8.888880411782843e-05,5340.000000000016,1023.3145161290113,284.0,284.775510204082,1.02402815515367,284.0,98383.5779935037,1,1,23734.6166769321,4193.02933718428,1,61302000811,61302000810431
4.5,0.0,0.0,4499.99999999918,10.17338709627984,6.360000133514404,-0.0009999910990440488,-9.999963972365449e-05,4949.999999999431,460.17338709653086,5.21999979019165,-0.0016666730245026681,-0.00012222237057336787,6839.999999998951,2350.1733870960516,6.820000171661377,-0.00033332506815736954,0.0002888891432023074,4319.999999999235,169.82661290366468,4.039999961853027,-0.00033334096272931473,-5.298193338106952e-10,3419.9999999997112,1069.8266129031886,298.0,98.1388888888889,1.02402815515367,298.0,98162.5505217624,1,1,23736.1147805368,4193.02933718428,1,61302000811,61302000810421
4.5,0.0,0.0,4259.9999999999245,1.0095391189679503e-10,6.150000095367432,-0.000999991099023161,-0.0001222218407513329,4500.000000000055,240.0000000000291,5.610000133514404,0.0006666660308797873,4.444440205853526e-05,4950.000000000071,690.0000000000455,6.940000057220459,-0.02899999618543373,-0.0021111106872594926,4079.9999999999045,180.00000000012096,4.059999942779541,0.0003333250681586933,2.222167121064709e-05,3209.999999999762,1050.0000000002633,284.0,223.222222222222,1.02402815515367,284.0,97973.8342002178,1,1,23737.6128841416,4193.02933718428,1,61302000811,61302000810411
4.5,0.0,0.0,3810.000000000042,12.967741935523463,5.639999866485596,-0.01633334159858477,-0.0008444446987633902,4049.9999999998345,227.03225806426917,5.349999904632568,0.0016666571299143067,5.555523766350369e-05,4470.000000000085,647.0322580645193,7.079999923706055,-0.02666667302426706,-0.0025222227308254255,3660.000000000095,162.96774193547026,4.130000114440918,0.0,-2.2222201029660734e-05,2759.9999999998663,1062.967741935699,256.0,80.0,1.02402815515367,256.0,97788.5516031727,1,1,23739.3606716805,4193.02933718428,1,61302000811,61302000810401
4.5,0.0,0.0,3150.000000000215,13.971774193726105,5.550000190734863,-0.004999987284343661,-0.00017777707841687347,3539.9999999997126,403.9717741932236,5.300000190734863,0.0016666730244992828,8.888933393718347e-05,4289.999999999823,1153.9717741933337,5.53000020980835,-0.0023333231607903853,8.888933393686312e-05,2940.000000000063,196.02822580642578,5.619999885559082,0.0,2.222220102951589e-05,2669.9999999998877,466.0282258066013,210.0,46.7755102040816,1.02402815515367,210.0,97574.3915784081,1,1,23741.1084592194,4193.02933718428,1,61302000811,61302000810391
4.5,0.0,0.0,2700.0000000003056,3.090725806716364,5.630000114440918,0.0016666730244856403,1.1111365423364785e-05,3210.000000000093,513.090725806504,4.829999923706055,0.0,2.2222201029620652e-05,3900.0000000002096,1203.0907258066204,,,,,,,,,,,180.0,18.3333333333333,1.02402815515367,180.0,97363.2021215635,1,1,23742.6065628242,4193.02933718428,1,61302000811,61302000810381
4.5,0.0,0.0,2639.999999999989,14.9999999998372,5.349999904632568,0.02833333015454049,0.0009444443384887345,2730.0000000000946,104.9999999999427,5.090000152587891,0.00033334096272348373,4.444493187697843e-05,3000.0000000003383,375.00000000018645,6.050000190734863,-0.004333321253477248,-0.0007555548350027835,2459.9999999999973,165.0000000001546,5.21999979019165,0.0,2.2222201029239674e-05,2130.000000000272,494.99999999987995,175.0,136.0,1.02402815515367,175.0,97183.2010667896,1,1,23744.3543503631,4193.02933718428,1,61302000811,61302000810371
4.5,0.0,0.0,2820.0000000002246,3.878994903061539e-10,6.480000019073486,0.01333333651221013,0.00041111151377143265,3000.0000000002506,180.00000000041382,5.059999942779541,0.0,-3.333303663462023e-05,3419.9999999998736,600.0000000000368,7.260000228881836,0.04366668065376686,0.0009666675991371375,2700.0000000000023,119.99999999983447,5.21999979019165,-0.0013333479563511195,-4.444493187875736e-05,2460.000000000038,359.99999999979855,189.0,145.551020408163,1.10155254881057,189.0,96969.0410408163,1,1,23746.102137902,3313.60024626323,1,61302000811,61302000810361
4.5,0.0,0.0,3240.0000000000014,0.6955645162420296,7.019999980926514,0.027666664123576674,0.0004999997880759611,3089.9999999999623,149.30443548379708,3.200000047683716,-0.0006666660308814901,2.222220102969846e-05,1650.0000000000125,1589.3044354837468,6.170000076293945,-0.06333332061759514,-0.0037666659885106555,3389.9999999995766,150.6955645158173,4.800000190734863,-0.0009999910990423208,-5.555523766416155e-05,4139.999999999821,900.6955645160615,216.0,33.4722222222222,1.11447328108672,216.0,96756.6633534149,1,1,23747.6002415067,3167.02873110972,1,61302000811,61302000810351
4.5,0.0,0.0,3150.000000000149,1.0947580646043207,6.110000133514404,-0.04366666475939482,-0.0017666668362157443,3000.00000000028,148.9052419352647,3.509999990463257,0.0,-2.222220102916321e-05,2070.0000000000537,1078.9052419354912,,,,,,,,,,,210.0,196.530612244898,1.11447328108672,210.0,96572.5689786438,1,1,23749.3480290456,3167.02873110972,1,61302000811,61302000810341
4.5,0.0,0.0,2249.9999999994084,5.275069270282984e-11,6.179999828338623,-0.021333344777157374,-0.0009333340326735173,2099.99999999937,149.99999999998545,2.8499999046325684,0.00033333301544719485,1.1111100515083172e-05,869.9999999985275,1380.000000000828,,,,,,,,,,,151.0,43.8367346938775,1.11447328108672,151.0,96359.6626511813,1,1,23751.0958165845,3167.02873110972,1,61302000811,61302000810331
4.5,0.0,0.0,2220.000000000562,10.572580645607559,6.269999980926514,0.0,-0.00013333320617970256,1980.0000000001385,229.42741935481604,2.859999895095825,0.0006666660308754167,-2.75206651445781e-16,1109.9999999998445,1099.42741935511,,,,,,,,,,,146.5,251.25,1.11447328108672,146.5,96142.4471699985,1,1,23752.5939201893,3167.02873110972,1,61302000811,61302000810321
4.5,0.0,0.0,1889.999999999915,4.0813574742060155e-10,5.809999942779541,0.009999990463552193,0.0002888880835833916,1739.999999999955,150.00000000036812,2.930000066757202,-0.0009999990463120034,-7.777770360265381e-05,1140.0000000001774,750.0000000001457,,,,,,,,,,,127.0,29.04,1.11447328108672,127.0,95964.417291338,1,1,23753.84233986,3167.02873110972,1,61302000811,61302000810311
4.5,0.0,0.0,1829.9999999992206,13.354838710551576,5.019999980926514,0.009333340326536897,8.888933391350866e-05,1740.0000000005214,103.35483870925077,3.7699999809265137,-0.0033333301544267264,-0.0002111109097842453,1469.9999999998422,373.35483870992994,,,,,,,,,,,128.0,409.0,1.11447328108672,128.0,95776.8006261405,1,1,23755.3404434647,3167.02873110972,1,61302000811,61302000810301
4.5,0.0,0.0,2370.000000000827,11.758064516769537,5.059999942779541,-0.01400000254295919,-0.0013666666878550488,2280.000000000089,78.24193548396852,2.9000000953674316,0.0010000069936298133,3.3333566454932433e-05,1289.9999999996317,1068.241935484426,,,,,,,,,,,164.0,78.5555555555556,1.11447328108672,164.0,95557.6313117603,1,1,23756.8385470695,3167.02873110972,1,61302000811,61302000810291
4.5,0.0,0.0,2490.000000000142,4.639112903073055,6.010000228881836,0.0,-0.0005111111534824893,2370.000000001237,115.36088709583191,3.0199999809265137,0.0,3.333330154523057e-05,1620.0000000001994,865.3608870968694,,,,,,,,,,,171.0,89.2222222222222,1.11447328108672,171.0,95368.8802506743,1,1,23758.3366506743,3167.02873110972,1,61302000811,61302000810281
4.5,0.0,0.0,2819.9999999991155,8.903225807058334,6.429999828338623,-0.012666670480968019,-0.0022666666241359513,2670.0000000011505,158.90322580502334,2.630000114440918,0.0016666730244852867,6.666686799709876e-05,1559.9999999993177,1268.9032258068562,7.059999942779541,0.003999996185517678,-0.00257777796863779,2969.999999998647,141.09677419247328,4.579999923706055,-0.0006666660308797266,-3.3333036634293154e-05,3630.00000000009,801.0967741939162,192.0,98.0,1.00268061632267,192.0,95161.6404011685,1,1,23759.834754279,1203.31186375994,1,61302000811,61302000810271
4.5,0.0,0.0,3330.000000000975,14.673387097638624,6.010000228881836,0.004000012079949132,0.0002666674719948545,3480.0000000004184,164.673387097082,4.380000114440918,0.0003333409627085323,1.1111365422973335e-05,4200.00000000153,884.6733870981934,4.820000171661377,0.008000008265729412,0.00043333371483628277,3000.000000000347,315.3266129029894,2.390000104904175,-0.00033333301543935807,6.666660308940454e-05,2010.0000000002028,1305.3266129031335,223.5,320.25,1.00268061632267,223.5,94959.7500538752,1,1,23761.3328578838,1203.31186375994,1,61302000811,61302000810261
4.5,0.0,0.0,3720.0000000001146,9.163306451973767,5.760000228881836,-0.020333321888785068,-0.000888888570971963,3990.0000000000086,279.1633064518678,4.230000019073486,-0.0003333250681455565,1.1111895244139965e-05,4530.0000000001255,819.1633064519847,6.110000133514404,0.0003333409627340897,0.000166666772631029,3569.999999998954,140.83669354918675,2.549999952316284,0.000999999046312511,9.999990463159318e-05,2519.999999999655,1190.836693548486,254.0,26.56,1.00268061632267,254.0,94746.4023845425,1,1,23762.5812775545,1203.31186375994,1,61302000811,61302000810251
4.5,0.0,0.0,3780.000000000251,11.068548387252122,5.349999904632568,-0.0036666711170029124,-0.0001888889736479844,4020.000000001031,228.93145161352777,4.139999866485596,0.0013333320617121597,6.666660308374318e-05,4530.000000001115,738.9314516136119,7.159999847412109,0.0,-0.0010999997456977873,3540.0000000001505,251.06854838735262,2.740000009536743,0.0003333330154332998,1.1111100514156837e-05,2910.0000000005334,881.0685483869697,256.0,2.24,1.00186793218341,256.0,94557.7412771324,1,1,23763.8296972251,1005.14061471943,1,61302000811,61302000810241
4.5,0.0,0.0,3630.0000000007994,3.9012096777614715,5.329999923706055,0.0003333250681532466,1.1110835605018957e-05,3870.0000000001346,243.90120967709663,4.230000019073486,0.0006666660309309413,-2.222220102640104e-05,4350.000000000629,723.9012096775914,4.5,0.0,0.0010333331426339949,3540.000000000554,86.09879032248409,2.859999895095825,0.0,1.1111100514213764e-05,2580.0000000011405,1046.0987903218975,246.0,61.8888888888889,1.00186793218341,246.0,94369.0801694146,1,1,23765.3278008299,1005.14061471943,1,61302000811,61302000810231
4.0,0.0,0.0,3480.0000000011123,14.999999998940893,5.050000190734863,-0.002666664123530912,-8.888880411755559e-05,3690.0000000002296,195.00000000017644,4.170000076293945,-0.00033332506816363477,-1.1110835605711502e-05,4139.999999999552,644.9999999994984,5.28000020980835,-0.029666662216198215,-0.001977777481087496,3300.0000000004998,194.99999999955344,3.259999990463257,-0.00033333301544894817,-1.111110051520006e-05,2850.0000000004375,644.9999999996157,234.0,0.0,1.5718627826176,234.0,94158.4072505484,1,1,23766.8259044346,2117.88914476864,1,61302000811,61302000810221
4.0,0.0,0.0,3299.999999999775,0.4899193545702474,5.039999961853027,0.0006666660308827886,-0.001111111111120764,3479.9999999996717,179.51008064532652,4.269999980926514,0.003333330154487056,0.00019999980927331003,3899.999999999087,599.5100806447417,5.659999847412109,0.0016666571299540716,-0.00010000069936044316,3149.999999999579,150.48991935476624,3.380000114440918,0.0,2.222220103027481e-05,2609.9999999992287,690.4899193551164,223.5,110.25,2.14185763305179,223.5,93948.4926484355,1,1,23768.3240080394,3230.63767481785,1,61302000811,61302000810211
4.0,0.0,0.0,3479.9999999989077,14.43145161361008,5.199999809265137,0.005999994278193662,0.0001333332061920282,3299.9999999985553,194.4314516139625,3.690000057220459,0.002333339055369753,0.00016666703754256797,2729.9999999990314,764.4314516134864,5.119999885559082,0.0003333250681376643,-2.2222730848326867e-05,3660.000000001341,165.56854838882327,4.289999961853027,0.005999994278193662,0.0003444438510636101,4079.9999999987544,585.5685483862367,234.0,126.96,2.14185763305179,234.0,93738.578046082,1,1,23769.5724277101,3230.63767481785,1,61302000811,61302000810201
4.0,0.0,0.0,3449.9999999999286,1.506048386926068,5.0,0.003999996185398716,0.00013333320618315659,3659.999999998783,211.50604838578056,3.880000114440918,-0.002999997138947947,-8.888880411637694e-05,4260.000000000748,811.5060483877451,5.489999771118164,0.004666662216385582,-3.33335664367806e-05,3179.99999999963,268.4939516133727,3.9700000286102295,-0.0016666650771538167,-5.555550256993869e-05,2639.9999999998936,808.493951613109,233.0,109.36,2.14185763305179,233.0,93553.3500055313,1,1,23770.8208473807,3230.63767481785,1,61302000811,61302000810191
4.0,0.0,0.0,3780.0000000000787,13.100806451560857,4.730000019073486,-0.0006666660308875988,-0.0008555555343452486,3960.0000000004507,166.89919354881113,3.630000114440918,0.004666670163486217,0.0002222222752039906,4590.000000000654,796.8991935490144,5.920000076293945,0.003666671117257359,-3.3333036632000704e-05,3510.000000000536,283.1008064511034,4.340000152587891,0.0006666660308950062,2.2222201030207443e-05,2819.999999999858,973.1008064517814,254.0,0.0,2.14185763305179,254.0,93360.6811976638,1,1,23772.0692670513,3230.63767481785,1,61302000811,61302000810181
4.0,0.0,0.0,3840.000000000346,11.334677420167282,6.349999904632568,0.0029999891916473796,-0.0002000008689016638,3570.000000000077,258.66532258010193,4.510000228881836,0.0,3.333303663306804e-05,2910.000000000388,918.6653225797909,4.519999980926514,-0.016333341598364914,-0.0005444447199406362,4109.999999999805,281.3346774196266,3.8499999046325684,0.007333326339697447,2.2221936108037836e-05,4649.999999999534,821.3346774193556,254.0,70.56,2.14185763305179,254.0,93148.5485262887,1,1,23773.317686722,3230.63767481785,1,61302000811,61302000810171
4.0,0.0,0.0,4380.000000000804,5.74596774173915,5.130000114440918,0.0,-6.666660309015142e-05,4139.99999999993,245.74596774261317,4.829999923706055,0.0,-1.1110835604898536e-05,3810.000000000547,575.7459677419961,4.960000038146973,0.03200000127185,0.0010666667090711416,4590.000000000096,204.25403225755326,3.799999952316284,-0.0013333320618091724,-5.555550257652916e-05,5159.999999999927,774.2540322573841,296.0,0.0,2.14185763305179,296.0,92952.4464475576,1,1,23774.5661063926,3230.63767481785,1,61302000811,61302000810161
4.0,0.0,0.0,4409.999999998283,9.387096773029043,5.110000133514404,0.002333339055402151,5.555576748402153e-05,4619.9999999980255,219.38709677277166,3.5899999141693115,0.004666662216297724,0.0001666665077289205,5279.999999998115,879.3870967728608,,,,,,,,,,,296.0,282.24,2.14185763305179,296.0,92764.8298768748,1,1,23775.8145260633,3230.63767481785,1,61302000811,61302000810151
4.0,0.0,0.0,3449.999999998888,13.995967742766425,5.380000114440918,-0.003333330154452748,-0.00037777794732673603,3629.999999998865,166.00403225721038,3.200000047683716,0.0003333330154343154,7.777770360095828e-05,4350.000000000121,886.0040322584664,6.650000095367432,0.04266667366032424,0.0011222224765292303,3329.9999999993406,133.99596774231395,5.03000020980835,-0.0026666641234342225,-8.888880411110963e-05,3030.0000000002187,433.99596774143583,233.0,352.8,2.14185763305179,233.0,92552.6972037499,1,1,23777.0629457339,3230.63767481785,1,61302000811,61302000810141
4.0,0.0,0.0,3060.0000000004497,13.572580645459766,4.980000019073486,0.0013333320617784517,4.4444402059644174e-05,3209.99999999974,163.5725806447499,3.440000057220459,-0.00033333301544341543,2.2222201029302663e-05,3989.99999999969,943.5725806446999,,,,,,,,,,,205.0,34.2222222222222,2.14185763305179,205.0,92348.5798265577,1,1,23778.5610493387,3230.63767481785,1,61302000811,61302000810131
4.0,0.0,0.0,2970.000000000156,13.173387096641818,4.400000095367432,-0.011333322524874439,-0.0005999994277861798,3180.0000000002415,196.82661290344367,3.690000057220459,-0.000999999046320166,3.3333301545045384e-05,3810.000000000178,826.82661290338,,,,,,,,,,,199.0,309.34693877551,2.14185763305179,199.0,92147.647311272,1,1,23780.3088368776,3230.63767481785,1,61302000811,61302000810121
4.0,0.0,0.0,2249.9999999992397,0.34475806361115247,5.090000152587891,0.00666667620375746,-0.0007666662004749505,2339.999999998176,90.3447580625475,3.0999999046325684,-0.0013333400090433012,3.333303663647207e-05,2729.999999999656,480.3447580640277,,,,,,,,,,,143.0,222.472222222222,2.14185763305179,143.0,91732.1992282819,1,1,23783.3050440871,3230.63767481785,1,61302000811,61302000810101
4.0,0.0,0.0,2520.0000000010955,13.548387098075636,4.820000171661377,0.0,-0.0009111113018542056,2609.9999999997426,103.54838709672276,3.390000104904175,-0.000999999046330307,6.666660308593944e-05,2940.00000000096,433.5483870979401,,,,,,,,,,,161.0,160.204081632653,2.14185763305179,161.0,91548.6999657876,1,1,23785.052831626,3230.63767481785,1,61302000811,61302000810091
4.0,0.0,0.0,2729.999999999616,14.546370968132578,4.5,0.0,0.0,2909.999999998064,165.45362903031537,3.3299999237060547,-0.0006666660308688026,1.381757844685848e-15,3719.9999999994156,975.4536290316669,5.210000038146973,-0.0013333320617380702,3.333356645223693e-05,2550.000000000237,194.54637096751185,4.619999885559082,-0.0003333409627203712,4.4443872237869064e-05,2189.9999999996453,554.5463709681035,180.0,10.4081632653061,2.14185763305179,180.0,91336.323471365,1,1,23786.8006191649,3230.63767481785,1,61302000811,61302000810081
4.0,0.0,0.0,2789.9999999999245,12.653225805890997,4.260000228881836,0.0006666819254499689,-0.00024444368150047216,2909.9999999991624,107.34677419334685,3.5899999141693115,0.0003333330154388881,1.111110051452939e-05,3630.0000000002883,827.3467741944728,6.449999809265137,0.04033333460452064,0.0013000000847480115,2609.9999999991633,192.65322580665224,4.760000228881836,0.0003333409627249844,4.444493187719116e-05,2279.999999999809,522.6532258060065,182.0,25.8055555555556,2.14185763305179,182.0,91125.7293485644,1,1,23788.2987227697,3230.63767481785,1,61302000811,61302000810071
4.0,0.0,0.0,2820.000000000504,1.2096774187666597,4.429999828338623,0.01433332761129743,0.00047777758704358077,2909.9999999987485,88.79032257947802,3.930000066757202,0.0006666660309028783,5.5555502575843835e-05,3299.9999999992115,478.79032257994095,5.289999961853027,-0.026000006993601013,-0.0017000002330929246,2700.0000000003533,121.20967741891718,4.78000020980835,0.0006666660309028783,3.333303663623711e-05,2369.9999999990937,451.20967742017683,184.0,91.9591836734694,2.14185763305179,184.0,90943.946976164,1,1,23790.0465103086,3230.63767481785,1,61302000811,61302000810061
4.0,0.0,0.0,3899.9999999995234,4.004032257543258,5.130000114440918,0.0,0.0,3720.0000000013742,175.99596774060592,4.559999942779541,-0.003000005086273753,-2.2222730850951635e-05,3360.0000000002447,535.9959677417355,5.590000152587891,0.053000005084833796,0.0017666668361134856,3960.0000000011414,64.00403225916125,4.5,0.005333328246774585,0.0001999998092449015,4320.000000001292,424.0040322593122,253.5,961.138888888889,1.99617880778097,253.5,90730.9763550409,1,1,23791.5446139134,2909.89559967317,1,61302000811,61302000810051
4.0,0.0,0.0,3239.9999999999654,9.229838709189607,5.03000020980835,-0.0026666641234883073,-0.0002333333757150543,3030.0000000006985,219.22983870845655,4.389999866485596,0.0,0.00013333373599529698,2700.00000000019,549.229838708965,,,,,,,,,,,211.0,256.571428571429,1.26778468142683,211.0,90548.5998582097,1,1,23793.2924014523,1306.18522394972,1,61302000811,61302000810041
4.0,0.0,0.0,3180.000000000914,4.645161290266515,4.820000171661377,-0.012999995549831798,-0.0009555557039344923,3000.000000000583,175.35483871006454,3.259999990463257,0.0,0.0,2190.000000000481,985.3548387101664,,,,,,,,,,,208.5,170.222222222222,1.26778468142683,208.5,90332.1954536442,1,1,23794.7905050571,1306.18522394972,1,61302000811,61302000810031
4.0,0.0,0.0,2970.000000000979,9.120967741775075,4.96999979019165,-0.05033334096208316,-0.002355555958164225,2790.0000000016175,189.1209677411366,2.9600000381469727,0.0,3.33333015435816e-05,2430.000000001173,549.1209677415814,6.039999961853027,-0.1646666526769648,-0.013244443469288101,3090.000000001448,110.87903225869377,3.740000009536743,0.00133333206183387,4.4444402063338735e-05,4349.999999999932,1370.8790322571776,196.5,750.472222222222,1.26778468142683,196.5,90147.5079406692,1,1,23796.2886086618,1306.18522394972,1,61302000811,61302000810021
4.0,0.0,0.0,4350.000000000795,9.175403225301125,5.019999980926514,0.038666669526851466,0.0015444448258533244,3270.0000000007544,1089.1754032253416,2.119999885559082,0.0,-3.3333301544663657e-05,1470.0000000000528,2889.1754032260433,5.269999980926514,-0.001999998092594979,-6.666660308461967e-05,5610.000000001169,1250.8245967750727,3.119999885559082,0.001999998092594979,6.666660308461967e-05,6810.000000000667,2450.8245967745706,237.0,318.96,1.35660664872367,237.0,89520.3459601449,1,1,23801.0326034103,4220.48170854032,1,61302000801,61302000800611
4.0,0.0,0.0,3509.999999999822,13.463709677301722,4.699999809265137,-0.0006666660308756036,1.1111365423410248e-05,3690.000000000268,166.53629032314393,4.059999942779541,-0.0010000069936028314,-1.1111365423681417e-05,4109.999999999404,586.5362903222804,5.210000038146973,0.004666662216355447,0.000155555407217479,3389.9999999989695,133.46370967815437,2.299999952316284,-0.0016666650771832237,1.1111365425065191e-05,3000.000000000098,523.4637096770257,237.0,98.0,1.35660664872367,237.0,89344.6583140855,1,1,23802.530707015,4220.48170854032,1,61302000801,61302000800601
4.0,0.0,0.0,3540.0000000000996,9.495967741601362,4.630000114440918,0.02100000381424684,0.0007000001271265471,3690.0000000004748,140.5040322587738,3.75,0.0009999990463210452,8.888880411741142e-05,4319.999999999785,770.5040322580844,,,,,,,,,,,242.5,71.25,1.35660664872367,242.5,89142.7672399689,1,1,23804.0288106198,4220.48170854032,1,61302000801,61302000800591
4.0,0.0,0.0,3599.9999999992824,1.0342741930903685,5.510000228881836,0.05033334096256459,0.0016777780320800437,3719.999999999635,121.0342741934428,3.549999952316284,-0.0003333330154354371,3.333330154455258e-05,4260.000000000158,661.0342741939662,5.78000020980835,0.023666667938478162,0.0002555555767648625,3329.999999999672,268.9657258065199,3.0999999046325684,-0.004000004132555902,1.1110835605731236e-05,2850.0000000003483,748.9657258058437,242.0,29.1388888888889,1.35660664872367,242.0,88945.2677371215,1,1,23805.5269142246,4220.48170854032,1,61302000801,61302000800581
4.0,0.0,0.0,3599.999999999589,13.899193548542371,5.150000095367432,-0.009333324432288726,1.1111365425302045e-05,3359.9999999996658,253.89919354846552,2.069999933242798,0.0,0.0,1529.9999999994156,2083.8991935487156,,,,,,,,,,,242.0,156.204081632653,1.35660664872366,242.0,88753.1176528084,1,1,23807.2747017635,4220.48170854032,1,61302000801,61302000800571
4.0,0.0,0.0,3299.9999999998295,0.991935483727957,5.460000038146973,-0.08800001144495885,-0.004766667683958928,3479.999999999662,180.9919354835606,3.299999952316284,0.0,5.555550257317834e-05,4049.999999999981,750.9919354838794,6.0,-0.08066666920966734,-0.005288889143211053,3120.000000000039,179.0080645160624,2.369999885559082,0.0003333330154426297,2.222220102951513e-05,1949.9999999999272,1349.0080645161743,218.0,58.3333333333333,1.35660664872367,218.0,88539.5516982882,1,1,23808.7728053683,4220.48170854032,1,61302000801,61302000800561
4.0,0.0,0.0,2909.999999999504,4.451612902827037,4.0,-0.13733332951586527,-0.004888888464853822,2789.9999999993966,115.54838709728028,2.7200000286102295,0.0006666660308891298,7.777770360336498e-05,1739.9999999995598,1165.548387097117,5.050000190734863,0.006333335240796689,-0.0007444445292226498,3059.999999999698,154.4516129030212,3.4000000953674316,-0.0009999990463299734,5.555550257225823e-05,3599.9999999999673,694.4516129032904,192.0,29.25,1.35660664872367,192.0,88351.4294542756,1,1,23810.270908973,4220.48170854032,1,61302000801,61302000800551
4.0,0.0,0.0,2580.000000000134,4.112903225400714,5.849999904632568,-0.07333334287053003,-0.004866667323654992,2430.0000000004266,145.88709677430688,2.75,-0.0006666660308808584,7.777770360152224e-05,1440.0000000005664,1135.887096774167,4.789999961853027,0.007333326340054605,0.000244444211346251,2729.9999999991633,154.11290322442983,3.4000000953674316,-0.0006666660309029895,-6.710054965561209e-16,3419.9999999994293,844.1129032246959,169.0,303.84,1.35660664872367,169.0,88153.9299537226,1,1,23811.5193286437,4220.48170854032,1,61302000801,61302000800541
4.0,0.0,0.0,2129.9999999988827,11.195564515472142,4.449999809265137,0.0,-0.0004999997881100954,2219.9999999984725,101.19556451506196,3.4100000858306885,0.0,2.222220102879335e-05,2970.000000000563,851.1955645171524,5.28000020980835,0.0023333390553442516,7.777796851030905e-05,1860.0000000007087,258.8044354827018,2.809999942779541,-0.00033333301543768813,3.333330154563841e-05,1019.9999999997659,1098.8044354836447,138.0,97.2,1.35660664872367,138.0,87961.2608921921,1,1,23812.7677483143,4220.48170854032,1,61302000801,61302000800531
4.0,0.0,0.0,2940.0000000010227,14.153225807287072,5.190000057220459,-0.00033332506816766675,0.0003000005086336448,2669.9999999999072,255.84677419382842,3.430000066757202,-0.029000004133048516,-0.0009666668044502776,2130.0000000000473,795.8467741936884,,,,,,,,,,,190.0,244.138888888889,1.35660664872367,190.0,87760.5766859046,1,1,23814.2658519191,4220.48170854032,1,61302000801,61302000800521
4.0,0.0,0.0,2879.9999999997503,2.540322580670363,4.0,0.0,0.0,2969.999999999837,87.4596774194165,3.380000114440918,0.0016666730245246983,-7.777743869672727e-05,3539.999999998829,657.4596774184083,5.71999979019165,-0.0026666800181510755,0.0006999995973622622,2759.9999999990728,122.54032258134794,2.5899999141693115,-0.0006666660308961885,5.5555767480518536e-05,1769.9999999994775,1112.5403225809432,189.0,0.0,1.35660664872367,189.0,87349.9298559059,1,1,23817.2620591286,4220.48170854032,1,61302000801,61302000800501
4.0,0.0,0.0,2820.00000000277,11.032258066481972,4.389999866485596,0.012999995549586855,0.0004333331849884618,2880.0000000024247,71.03225806613682,3.0999999046325684,-0.0006666660308884174,3.33335664539522e-05,3330.0000000008285,521.0322580645407,5.340000152587891,0.0023333390553870836,0.001555555661533377,2610.00000000212,198.96774193416786,2.4600000381469727,0.0003333330154434129,2.2222201029675384e-05,1770.0000000021375,1038.9677419341504,184.0,147.918367346939,1.35660664872366,184.0,87160.2565786048,1,1,23819.0098466675,4220.48170854032,1,61302000801,61302000800491
3.5,0.0,0.0,2489.9999999990073,4.8387096767824005,4.21999979019165,0.02399999300789447,0.0007999997669800198,2579.9999999978945,94.83870967566963,3.2699999809265137,-0.0003333330154426878,-1.1111100514782703e-05,2939.999999998904,454.8387096766792,6.420000076293945,0.04133334159860911,0.001622222794426993,2219.9999999986576,265.1612903235673,2.3399999141693115,0.0,2.2222201028821304e-05,1409.9999999996273,1075.1612903225976,161.0,111.551020408163,1.68470309124383,161.0,86945.5690684624,1,1,23820.7576342064,3347.77304397662,1,61302000801,61302000800481
3.5,0.0,0.0,2760.0000000001583,3.5443548386510884,4.230000019073486,0.0033333301545254573,-0.0005888891220031422,2880.0000000000755,123.54435483856832,3.309999942779541,0.0,-2.2222201029421572e-05,3330.0000000007585,573.5443548392514,5.539999961853027,0.013666661579968811,0.0005111106236486938,2580.0000000011833,176.4556451603239,2.2899999618530273,-0.0006666660308842488,-1.1111100515099425e-05,1830.0000000007444,926.4556451607627,179.5,54.5555555555556,1.93077542313396,179.5,86733.7866977048,1,1,23822.2557378112,2693.24154555384,1,61302000801,61302000800471
3.5,0.0,0.0,2879.999999999418,7.276209676706458,4.059999942779541,-0.00033334096272013875,-0.0006444448894787722,2999.9999999996226,127.2762096769111,3.559999942779541,0.000666666030866923,1.1111100513812743e-05,3419.9999999999013,547.2762096771899,,,,,,,,,,,189.0,27.2222222222222,1.93077542313396,189.0,86550.8160788818,1,1,23823.753841416,2693.24154555384,1,61302000801,61302000800461
3.5,0.0,0.0,3089.9999999994884,7.197580645797643,3.5,0.0,0.0,3179.999999997221,82.80241935193499,3.9800000190734863,0.001999998092641181,4.4444402057788474e-05,3629.999999999558,532.8024193542719,3.9800000190734863,0.007000001271530103,-0.00041111098395034786,2879.9999999993333,217.1975806459527,2.069999933242798,0.0,1.1111100514238018e-05,2129.9999999991514,967.1975806461346,203.0,67.1428571428571,1.93077542313396,203.0,86366.1285685589,1,1,23825.5016289549,2693.24154555384,1,61302000801,61302000800451
3.5,0.0,0.0,4860.000000001518,14.679435483464658,3.5,-0.04933333396935551,-0.0017666668362273663,4770.000000000916,104.67943548406674,3.9100000858306885,0.0,0.00015555567211493395,4080.0000000010214,794.6794354839612,5.440000057220459,0.0013333320618162461,-0.00014444457159813617,5100.000000000463,225.32056451548033,3.490000009536743,0.0013333320617804323,0.00013333320617932865,6000.000000000323,1125.3205645153403,233.0,452.8,1.93077542313396,233.0,85955.295510145,1,1,23828.2481522303,2693.24154555384,1,61302000801,61302000800431
3.5,0.0,0.0,5280.000000000428,13.106854838681102,4.949999809265137,-0.016666666666862714,-0.0011555555131912128,4799.999999999921,493.1068548391886,3.990000009536743,-0.0009999990463061598,8.88890690212988e-05,4440.000000000478,853.1068548386311,5.070000171661377,-0.005333328247163122,-0.00017777760824186435,5489.999999999843,196.89314516073318,3.369999885559082,-0.0006666739781709314,-2.222246593907012e-05,6449.99999999975,1156.8931451606404,254.0,105.84,1.93077542313396,254.0,85755.1859323013,1,1,23829.4965719009,2693.24154555384,1,61302000801,61302000800421
3.5,0.0,0.0,1800.0000000005207,1.1008064509649103,6.010000228881836,0.005333344141743995,-0.0007555548349701642,1950.0000000005723,151.10080645101652,4.130000114440918,-0.001333332061792478,-3.3333566454980437e-05,2280.000000000091,481.1008064505352,4.079999923706055,0.0,0.0,1710.0000000012624,88.8991935482934,1.6799999475479126,-0.0006666700044975134,-4.4444666965922355e-05,660.0000000009505,1138.8991935486051,121.0,65.265306122449,1.93077542313396,121.0,84570.7543725512,1,1,23838.4851935296,2693.24154555384,1,61302000801,61302000800361
3.5,0.0,0.0,2370.0000000008677,10.512096774681595,5.21999979019165,0.007333326339621413,-0.0014222224554060374,2460.0000000002105,100.51209677402449,3.4700000286102295,-0.0019999980926232335,-6.666660308650333e-05,3120.000000000899,760.512096774713,,,,,,,,,,,158.5,82.8888888888889,1.35741153028471,158.5,84148.377876893,1,1,23841.7310846732,2000.86957989986,1,61302000801,61302000800341
3.5,0.0,0.0,2520.0000000003274,7.487903225979608,4.510000228881836,0.0,-0.000688889026615061,2370.000000000413,142.5120967739349,1.6799999475479126,-0.0006666700045158045,2.2222068576651585e-05,1289.9999999993206,1222.5120967750272,6.349999904632568,0.044666655857474175,0.0022333325279224807,2699.9999999999377,187.4879032255899,3.2899999618530273,0.0,1.1111100514334693e-05,3149.999999999721,637.487903225373,170.0,200.775510204082,1.35741153028471,170.0,83966.5955039581,1,1,23843.4788722121,2000.86957989986,1,61302000801,61302000800331
3.5,0.0,0.0,2670.000000002043,14.999999998509338,5.369999885559082,0.0,-0.00014444457160043756,2460.000000000492,225.00000000006048,1.690000057220459,-0.0003333330154380418,3.333330154443721e-05,1409.9999999999975,1275.000000000555,5.420000076293945,-0.00633333524077816,-0.0007666667302505422,2849.999999999654,164.99999999910142,3.0999999046325684,-0.0006666660308939147,4.444466696767752e-05,3420.0000000001737,734.9999999996212,179.5,196.555555555556,1.35741153028471,179.5,83753.0307572853,1,1,23844.9769758169,2000.86957989986,1,61302000801,61302000800321
3.5,0.0,0.0,2639.9999999993115,3.356854838311847,4.699999809265137,0.014333327611514046,0.0005333333545413262,2819.999999999334,183.35685483833413,3.4600000381469727,-0.0006666660308844864,-9.999990463249461e-05,3419.9999999993383,783.3568548383387,5.119999885559082,-0.0010000069936238409,-0.0001222223705716021,2369.9999999996044,266.6431451613953,1.8300000429153442,-0.0013333320617540975,1.111110051452745e-05,1500.0000000000134,1136.6431451609863,176.0,221.472222222222,1.35741153028471,176.0,83349.3456820187,1,1,23848.2228669606,2000.86957989986,1,61302000801,61302000800301
3.5,0.0,0.0,2610.0000000002533,7.536290323042067,5.480000019073486,0.0006666660308732591,-0.0002222225401121472,2160.0000000002856,442.46370967692565,3.440000057220459,0.003000005086304903,8.888906903030398e-05,1590.0000000000991,1012.4637096771121,4.230000019073486,-0.04699999491403335,-0.0024777772691966737,2759.999999999052,157.53629032184062,3.0799999237060547,-0.000999999046317119,-2.222220102878846e-05,3539.999999999769,937.5362903225578,169.5,228.666666666667,1.35741153028471,169.5,83162.6588861564,1,1,23849.7209705654,2000.86957989986,1,61302000801,61302000800291
3.0,0.0,0.0,2310.000000000061,4.3064516124522925,5.019999980926514,-0.0003333409627292642,-4.444493187812626e-05,2009.9999999998033,304.3064516127099,3.299999952316284,0.0016666650771994809,0.00027777777777226775,1529.999999999984,784.3064516125291,4.010000228881836,0.03366667429563916,0.0011222224765072373,2399.999999999891,85.69354838737763,3.390000104904175,-0.0003333330154388073,2.2222201029265783e-05,2729.999999999728,415.69354838721483,150.0,508.138888888889,1.19419912532563,150.0,82967.4790297069,1,1,23851.2190741701,2257.02822701263,1,61302000801,61302000800281
3.0,0.0,0.0,3029.999999999813,13.439516129285494,4.21999979019165,0.0026666641235457062,-0.0011777777141994392,3209.999999999674,166.56048387057535,3.440000057220459,-0.0006666660308938239,-3.333330154488303e-05,3569.9999999996253,526.5604838705267,4.690000057220459,0.011333338419766945,0.00017777813806419245,2849.9999999995002,193.43951612959836,2.509999990463257,0.001333332061802826,-5.555550257302878e-05,2369.9999999991696,673.439516129929,202.5,60.9166666666667,1.03098672036654,202.5,82769.45176871,1,1,23852.7171777749,2513.18687412541,1,61302000801,61302000800271
3.0,0.0,0.0,3120.0000000000664,14.999999999887223,4.210000038146973,-0.007666667302491149,-0.000555555555560762,2999.9999999998545,135.00000000009913,1.6100000143051147,-0.00033333301543928733,1.1111100514814365e-05,2370.0000000000387,764.999999999915,5.619999885559082,0.018666664759078373,-0.0016666666666985692,3299.9999999999673,165.00000000001364,3.5799999237060547,-0.0003333330154424099,-7.360106447929226e-17,3720.0000000000937,585.0000000001401,210.0,50.6938775510204,1.03098672036654,210.0,82571.9522512223,1,1,23854.4649653138,2513.18687412541,1,61302000801,61302000800261
3.0,0.0,0.0,3240.0000000000714,5.274193548002586,6.679999828338623,0.0036666552226229466,-0.0005444452497692796,2969.9999999994884,275.2741935485856,1.690000057220459,0.0006666700045160293,-3.3333169089972446e-05,1019.9999999998275,2225.2741935482463,6.760000228881836,0.009666681289663767,-0.00027777724795819103,3839.9999999998026,594.7258064517287,4.119999885559082,-0.00033334096272881453,5.555523766435861e-05,4620.00000000008,1374.725806452006,189.0,310.472222222222,1.13835557597803,189.0,81563.1963912686,1,1,23862.4548512059,3062.46359508071,1,61302000801,61302000800211
3.0,0.0,0.0,2490.000000000193,3.532258064774851,5.170000076293945,0.0373333295186638,0.002544443872258926,2249.999999999819,236.46774193559895,1.850000023841858,-0.000666666030889635,2.222220102914535e-05,1560.0000000001735,926.4677419352445,6.090000152587891,0.011666679382199365,-0.002655554877389246,2609.9999999999723,123.5322580645543,3.0,0.0,0.0,2940.000000000042,453.5322580646239,168.0,102.333333333333,1.13835557597803,168.0,81376.7909781977,1,1,23863.9529548107,3062.46359508071,1,61302000801,61302000800201
3.0,0.0,0.0,2550.000000000199,3.756048387243027,8.399999618530273,0.0916666507719127,0.0034555551740737727,2340.0000000002856,206.24395161267057,1.850000023841858,0.0003333330154438828,5.555550257379444e-05,1620.0000000001412,926.243951612815,6.070000171661377,0.10233333905597955,0.0034111113018859955,2609.9999999999577,63.756048387001556,4.380000114440918,-0.0016666571299462146,-4.44438722412825e-05,2939.999999999976,393.75604838701975,170.0,347.959183673469,1.13835557597803,170.0,80982.6952308421,1,1,23867.4485298885,3062.46359508071,1,61302000801,61302000800181
3.0,0.0,0.0,3089.9999999998067,9.374999999875854,5.599999904632568,0.0,0.0,2669.9999999996853,429.37499999999727,1.7200000286102295,0.0,-1.1111100514821778e-05,1649.9999999995562,1449.3750000001264,9.869999885559082,0.007999992370671559,-0.0005222225189231531,3629.999999999543,530.6249999998604,4.349999904632568,0.0,0.00010000016954060306,4350.00000000011,1250.6250000004275,186.5,178.666666666667,1.13835557597803,186.5,80769.1292386635,1,1,23868.9466334933,3062.46359508071,1,61302000801,61302000800171
3.0,0.0,0.0,3569.9999999994316,2.612903226171511,5.599999904632568,-0.01566667556740966,-0.0012444448470931482,3299.9999999999313,272.61290322567174,3.630000114440918,-0.08333333333400535,-0.004755555788716488,2639.9999999999077,932.6129032256954,9.359999656677246,0.09099998474061366,0.0028555546866129477,3809.9999999997067,237.3870967741036,4.050000190734863,-0.0006666660308888014,-1.1111365424463928e-05,4619.999999999511,1047.3870967739076,232.0,379.666666666667,1.13835557597803,232.0,80587.345773731,1,1,23870.444737098,3062.46359508071,1,61302000801,61302000800161
3.0,0.0,0.0,2699.999999999042,2.6129032270814605,4.679999828338623,0.0,-6.666660308587578e-05,2940.0000000007626,237.3870967746393,3.309999942779541,0.0,2.2222201029536776e-05,3540.0000000008777,837.3870967747544,6.320000171661377,-0.012666654586484402,-0.0005666658613185221,2460.0000000006867,242.61290322543664,1.7300000190734863,0.0016666690508484786,4.444453451362472e-05,1620.0000000002462,1082.612903225877,174.5,344.888888888889,1.13835557597803,174.5,80392.1579208064,1,1,23871.9428407028,3062.46359508071,1,61302000801,61302000800151
3.0,0.0,0.0,2009.9999999983877,6.338709675739665,4.329999923706055,-0.015000009536722017,-0.000855556064175883,2189.999999998686,186.33870967603775,3.0299999713897705,-0.0016666650773300563,-8.888880412810824e-05,2849.9999999973556,846.3387096747076,5.730000019073486,-0.007666667302407998,-0.0009555557038959379,1799.9999999997028,203.6612903229452,1.840000033378601,-0.0003333330154407551,6.666660308936857e-05,899.9999999999716,1103.6612903226765,129.0,98.0,1.13835557597803,129.0,80185.8930292047,1,1,23873.4409443076,3062.46359508071,1,61302000801,61302000800141
3.0,0.0,0.0,2010.0000000005502,5.129032257779272,5.260000228881836,0.012000004450535987,0.00010000016955929776,2190.0000000010687,174.87096774273914,3.640000104904175,-0.0016666650772147022,-5.5555502573997724e-05,2640.000000000874,624.8709677425445,5.349999904632568,0.014000002543175545,0.00032222270965670167,1860.0000000005698,155.12903225775972,1.6799999475479126,0.00033333301545448725,5.555563503100656e-05,989.9999999990122,1025.1290322593172,132.5,134.0,1.18527093130095,132.5,79975.9784190165,1,1,23874.9390479123,2848.7030615214,1,61302000801,61302000800131
3.0,0.0,0.0,2789.999999998921,0.5443548393359379,4.840000152587891,-0.002333323160829185,-0.00018888844384163688,2939.999999999912,149.45564516165496,4.099999904632568,0.0009999910991088194,0.00013333267636151197,3449.999999998228,659.455645159971,4.809999942779541,-0.01833333969087504,-0.0006888892915317518,2580.000000000092,210.54435483816496,2.0299999713897705,-0.000333333015433459,-3.333330154345192e-05,1920.000000000082,870.5443548381747,182.5,347.888888888889,1.41984770791559,182.5,79777.5218499507,1,1,23876.4371515171,1779.90039372488,1,61302000801,61302000800121
3.0,0.0,0.0,2819.999999999468,1.2096774199285392,4.329999923706055,0.00033332506815545457,5.555523766316583e-05,2670.000000001575,151.2096774178217,1.690000057220459,0.0,3.333330154435493e-05,1980.0000000003436,841.2096774190529,4.739999771118164,0.0009999910990434878,-0.00030000050862943585,3060.000000000559,238.7903225811624,3.259999990463257,0.0026666641235383094,0.00011111100514647828,4410.0000000017535,1588.790322582357,185.0,84.5555555555555,1.41984770791559,185.0,79580.782172819,1,1,23877.9352551219,1779.90039372488,1,61302000801,61302000800111
3.0,0.0,0.0,2970.000000000226,13.173387096383067,4.679999828338623,-0.0019999980927067553,-0.000411110983967031,3299.999999999477,316.82661290286796,2.880000114440918,0.0,0.0,4259.999999999961,1276.8266129033518,3.950000047683716,-0.0013333320617316027,2.64912072176076e-10,2850.0000000001937,133.17338709641535,1.3300000429153442,0.0,1.1111100514931127e-05,749.9999999996625,2233.1733870969465,199.0,78.6666666666667,1.41984770791559,199.0,79377.4058954587,1,1,23879.4333587267,1779.90039372488,1,61302000801,61302000800101
3.0,0.0,0.0,1769.9999999992344,0.19354838611911873,4.739999771118164,-0.016333341599289397,-0.0012333334817408368,2009.999999999485,240.19354838636968,4.25,0.0,-3.333356645402394e-05,2640.0000000001755,870.1935483870602,,,,,,,,,,,127.0,19.36,1.41984770791559,127.0,78973.8766313553,1,1,23882.4295659362,1779.90039372488,1,61302000801,61302000800081
3.0,0.0,0.0,1980.0000000008345,2.0806451606958944,5.099999904632568,0.0036666711170867832,2.2222730846421842e-05,2250.0000000003906,267.9193548388603,3.819999933242798,-0.0013333320617384338,1.1111365423928834e-05,2640.0000000010036,657.9193548394733,,,,,,,,,,,137.5,245.0,1.41984770791559,137.5,78803.7442727009,1,1,23883.927669541,1779.90039372488,1,61302000801,61302000800071
3.0,0.0,0.0,2369.9999999994156,10.51209677395127,4.5,0.001000006993588901,1.1111365423339845e-05,2490.0000000002906,130.5120967748262,3.5,-0.0013333320618234413,-5.555550257785651e-05,3059.9999999990637,700.5120967735993,,,,,,,,,,,159.0,155.888888888889,1.09222110326584,159.0,78573.2310141781,1,1,23885.4257731457,2113.78283736048,1,61302000801,61302000800061
3.0,0.0,0.0,2550.000000000206,11.310483871185625,4.329999923706055,-0.0026666641235433214,-0.00018888844384232082,2700.0000000008013,138.68951612940964,2.9800000190734863,0.00033333301544099516,8.888880411803206e-05,3450.000000000939,888.6895161295474,4.059999942779541,-0.0046666622162708435,-0.00032222165002677544,2429.999999999951,131.31048387144074,1.1100000143051147,0.0009999990463050988,6.666660308642275e-05,1350.0000000007553,1211.3104838706363,171.0,71.0612244897959,1.02669578233589,171.0,78407.0898196058,1,1,23887.1735606846,2180.5593260876,1,61302000801,61302000800051
3.0,0.0,0.0,2879.999999999978,12.774193548055791,4.110000133514404,0.003000005086295126,0.00032222217984291323,2610.0000000005575,257.22580645136486,1.1100000143051147,0.0009999990463302614,0.00011111100514998252,1589.999999999871,1277.2258064520513,4.53000020980835,0.0023333390553668173,0.00015555593702487301,3060.000000000066,192.77419354814356,2.9600000381469727,-0.0006666660309036464,-4.444440206000696e-05,3750.000000000256,882.7741935483336,192.0,59.76,1.02669578233589,192.0,78177.9793786261,1,1,23888.4219803553,2180.5593260876,1,61302000801,61302000800041
3.0,0.0,0.0,2669.999999999374,8.87298387162673,4.150000095367432,-0.0003333250681614874,-1.1110835605568345e-05,2459.999999999696,218.87298387130477,1.159999966621399,-0.0023333350817273868,-4.444453451366548e-05,1380.0000000000982,1298.8729838709023,4.920000076293945,0.013666661580214921,-0.0012222226460957017,2849.9999999996717,171.12701612867113,2.9600000381469727,0.0,2.222220102969004e-05,3269.9999999993265,591.127016128326,181.0,219.138888888889,1.02669578233589,181.0,78006.6920727318,1,1,23889.9200839601,2180.5593260876,1,61302000801,61302000800031
3.0,0.0,0.0,2819.999999999904,15.000000000095952,4.300000190734863,-0.0029999891917095434,-0.00015555487738936133,2519.9999999996176,315.00000000038244,1.149999976158142,0.0019999980926594164,0.00011111100514692024,1590.000000000356,1244.999999999644,4.449999809265137,0.04833332697518659,0.0016111108991622872,2939.9999999996594,104.9999999996594,3.380000114440918,-0.0006666660308758765,1.1111100515243175e-05,3300.000000000182,465.0000000001819,189.0,93.9183673469388,1.02669578233589,189.0,77804.8009504891,1,1,23891.667871499,2180.5593260876,1,61302000801,61302000800021
3.0,0.0,0.0,2489.9999999997776,10.729838709401974,5.079999923706055,0.005333328247179937,0.00017777760824298539,2309.9999999992,169.27016129117555,1.1100000143051147,0.000999999046328162,2.2222201029728524e-05,1140.0000000000966,1339.270161290279,,,,,,,,,,,161.0,208.805555555556,1.0103609862359,161.0,77184.9685411008,1,1,23896.4118662474,1669.43210213199,1,61302000791,61302000790611
3.0,0.0,0.0016333331001968517,2340.0000000001464,10.379032257974359,4.710000038146973,0.0033333301543365854,-3.4240839329722187e-15,2250.0000000002206,100.37903225790023,1.2300000190734863,0.0023333350816554985,5.555563502347079e-05,1200.0000000003693,1150.3790322577515,,,,,,,,,,,156.0,123.805555555556,1.0103609862359,156.0,76998.563108895,1,1,23897.9099698522,1669.43210213199,1,61302000791,61302000790601
3.0,0.0,0.0,2520.0000000001323,7.487903226439812,4.5,0.0,-0.00019999980926190198,2700.00000000007,187.4879032263775,3.2200000286102295,-0.00033333301545085306,-5.555550257561259e-05,3569.999999999097,1057.4879032254044,4.519999980926514,-0.009333340326783986,-0.0006000004874160185,2430.000000000454,82.51209677323868,1.3700000047683716,-0.001333332061734786,-6.666660308595696e-05,1470.0000000006446,1042.512096773048,170.0,70.2448979591837,1.11262173154701,170.0,76613.8991118968,1,1,23901.1558609959,2383.83466054497,1,61302000791,61302000790581
3.0,0.0,0.0,2609.9999999994216,11.57661290359556,4.849999904632568,0.0,-0.0004777775870326812,2789.9999999997317,168.42338709671458,2.809999942779541,-0.000999999046330898,-5.5555502573834016e-05,3809.9999999994866,1188.4233870964695,4.789999961853027,0.0006666660308827178,-0.00010000016953999892,2519.999999999686,101.5766129033309,2.2899999618530273,0.002333331108081024,0.0002222220102906867,1439.9999999997267,1181.5766129032904,175.0,148.222222222222,1.18931729053035,175.0,76392.8715357053,1,1,23902.6539646006,2919.63657935471,1,61302000791,61302000790571
3.0,0.0,0.0,2819.99999999984,15.000000000276941,4.639999866485596,-0.04033333460471628,-0.0018444442748879587,3060.0000000004798,225.0000000003629,2.740000009536743,-0.000999999046322091,-2.222220102939344e-05,4050.0000000005966,1215.0000000004798,5.869999885559082,0.0,-0.0007111109627526645,2640.0000000003693,194.99999999974762,2.7200000286102295,0.0009999990463174073,0.00011111100514640452,2130.000000000466,704.9999999996508,189.5,0.25,1.18931729053035,189.5,76199.7635539637,1,1,23904.1520682054,2919.63657935471,1,61302000791,61302000790561
3.0,0.0,0.0,2549.9999999999586,14.999999999776264,4.369999885559082,0.007000001271507714,-8.888880412296809e-05,2369.999999999946,165.00000000023647,1.5299999713897705,0.0013333320617572603,-3.6919252377190704e-16,1770.0000000001085,765.0000000000739,5.619999885559082,0.015666659673107496,0.0003777774175032661,2759.9999999999714,224.999999999789,2.869999885559082,-0.0010000069936111232,-1.1111365424422834e-05,3690.000000000171,1154.9999999999886,170.0,86.7755102040816,1.18931729053035,170.0,76009.3302796242,1,1,23905.8998557443,2919.63657935471,1,61302000791,61302000790551
3.0,0.0,0.0,2100.0000000001855,12.096774193218153,3.859999895095825,-0.0016666730244513069,-0.00016666703753534905,2010.000000000462,102.09677419294167,1.8600000143051147,0.0,0.0,1380.0000000006037,732.0967741928,5.840000152587891,0.0006666660308887205,-0.0005111111534965096,2399.9999999999127,287.903225806509,3.1700000762939453,-0.0013333320617534103,-1.1111100513868664e-05,2999.999999999995,887.9032258065913,144.5,141.583333333333,1.18931729053035,144.5,75796.9524818924,1,1,23907.3979593491,2919.63657935471,1,61302000791,61302000790541
3.0,0.0,0.0,2219.999999999156,10.040322581338842,3.75,0.0003333330154524295,-2.2222201028835622e-05,2099.9999999989254,130.0403225815694,1.25,0.000666666030864288,2.2222201028159564e-05,1020.0000000002872,1210.0403225802077,5.130000114440918,0.007666667302256863,-0.0018555556403444117,2309.9999999998395,79.95967741934464,3.0799999237060547,0.0003333330154415964,4.444440205971693e-05,3059.9999999994075,829.9596774189126,151.0,93.5555555555555,1.18931729053035,151.0,75191.6419939483,1,1,23911.6425862293,2919.63657935471,1,61302000791,61302000790511
3.0,0.0,0.0,1590.0000000000905,14.999999999834017,5.03000020980835,0.002000013987119609,8.888933392978267e-05,1860.0000000012883,255.0000000013638,3.0199999809265137,-0.0003333330154273073,-1.1111100513757334e-05,2490.000000001913,885.0000000019886,4.159999847412109,0.0006666660308734259,-0.00011111100514803756,1440.0000000002503,164.99999999967417,1.2100000381469727,0.0,-1.111110051469798e-05,120.00000000031739,1484.999999999607,108.0,534.69387755102,1.18931729053035,381.0,75015.6650635098,2,2,23913.3903737682,2919.63657935471,1,61302000791,61302000790501
3.0,0.0,0.0,2789.999999999564,5.298387096515853,4.130000114440918,0.013666669527988552,0.00024444447624804845,2549.9999999989727,234.70161290407532,0.9700000286102295,0.000666668017706949,1.1111166742236359e-05,689.9999999999981,2094.70161290305,,,,,,,,,,,189.5,49.2222222222222,1.03312023582296,189.5,74805.3131644655,1,1,23914.8884773729,1037.80905845819,1,61302000791,61302000790491
3.0,0.0,0.0,2880.0000000000905,12.774193548797484,4.210000038146973,0.004666662216122717,0.0001777776082315453,2579.9999999999823,312.7741935489057,0.9399999976158142,-0.0003333330154561382,2.2222267255952132e-05,629.9999999996971,2262.774193549191,,,,,,,,,,,192.0,0.0,1.0099448955566,192.0,74611.4470558801,1,1,23916.3865809777,892.595188377236,1,61302000791,61302000790481
3.0,0.0,0.0,3599.9999999999827,1.0342741937056417,4.400000095367432,0.00033334096273994094,-7.777743869448923e-05,3329.9999999996035,268.9657258066736,1.149999976158142,0.0013333320617378074,5.555550257179869e-05,1500.0000000003681,2098.9657258059087,4.940000057220459,0.016333341599161395,0.000655556254965095,3780.00000000011,181.03427419383297,3.8499999046325684,-0.0020000060399620757,-5.5555767484921264e-05,4200.0000000000555,601.0342741937784,241.5,436.25,1.05026524893218,241.5,74406.8819322141,1,1,23917.8846845825,2048.35335886898,1,61302000791,61302000790471
3.0,0.0,0.0,3719.999999999602,13.633064515307979,4.019999980926514,0.0003333250681503565,-6.666713290967402e-05,3480.000000000124,226.36693548416997,1.6100000143051147,-0.0013333320617453057,-8.888880411491806e-05,2760.0000000013897,946.3669354829044,5.019999980926514,-0.006333335240953172,-0.0005666669210181576,3929.999999999538,223.63306451524386,3.180000066757202,0.0,0.0002444444762267705,4830.000000001077,1123.6330645167827,246.5,555.805555555556,1.05026524893218,246.5,74193.5342296085,1,1,23919.3827881872,2048.35335886898,1,61302000791,61302000790461
3.0,0.0,0.0,2099.999999999945,5.618951613174886,3.450000047683716,0.0050000031789784695,5.555576748517474e-05,1980.000000000431,125.61895161268876,1.8300000429153442,-0.0006666660308930205,2.222220102989282e-05,1350.0000000004602,755.6189516126597,4.380000114440918,-0.0003333250681598554,-0.00012222184075560578,2279.9999999996494,174.38104838652953,3.309999942779541,-0.0006666660308902869,0.00010000016954064113,2610.00000000034,504.3810483872203,142.0,119.265306122449,1.14270800494231,142.0,73420.8217407087,1,1,23925.8745704746,2795.62908890119,1,61302000791,61302000790421
3.0,0.0,0.0,2399.9999999982983,10.645161291245131,3.8399999141693115,0.012666662534220238,0.0004222220844787504,2189.999999997937,220.64516129160666,1.9600000381469727,0.000666666030870849,2.2222201028596962e-05,1649.9999999985978,760.6451612909457,4.449999809265137,0.006666660308916916,0.000366666581899884,2579.9999999990155,169.354838709472,3.140000104904175,-0.000333333015446058,2.2222201028930442e-05,2909.999999997992,499.35483870844837,161.0,84.1388888888889,1.17968510734636,161.0,73199.7953018716,1,1,23927.3726740794,3094.53938091408,1,61302000791,61302000790411
3.0,0.0,0.0,3210.0000000031914,2.147177416262366,3.950000047683716,0.0013333320617069451,6.666660308300144e-05,3090.000000001438,122.14717741801587,1.9800000190734863,-0.0009999990463420848,-1.1111100515787189e-05,2459.9999999996794,752.1471774197744,4.360000133514404,-0.0006666660308947232,-0.00016666677264045055,3419.9999999997567,207.85282258030293,3.5999999046325684,-0.0020000060399071417,3.3333036636832336e-05,3840.0000000003115,627.8528225808577,219.0,498.204081632653,1.17968510734636,219.0,73013.9850207653,1,1,23929.1204616183,3094.53938091408,1,61302000791,61302000790401
3.0,0.0,0.0,2490.0000000006953,6.955645161187931,4.329999923706055,0.003000005086388122,2.2222730854177513e-05,2939.9999999997463,443.044354837863,3.6600000858306885,0.0006666660308731277,3.333330154352974e-05,4050.000000000077,1553.0443548381936,3.930000066757202,0.004000004132568938,-0.00022222201028925797,2130.000000001022,366.9556451608614,2.109999895095825,-0.00033333301545652983,-2.2222201030325336e-05,1590.000000000164,906.9556451617193,165.0,242.0,1.17968510734636,165.0,72416.9463567068,1,1,23933.6147724326,3094.53938091408,1,61302000791,61302000790371
3.0,0.0,0.0,2670.0000000005134,10.070564516590366,3.8399999141693115,-0.005000003178852694,-0.0004111112488590027,2250.000000000145,409.929435483778,2.109999895095825,0.0003333330154408663,1.1111100514661269e-05,1740.0000000001721,919.9294354837509,4.710000038146973,0.008000008265101739,0.0004222228791876326,3540.0000000006517,880.0705645167286,2.9200000762939453,0.0023333390553571614,0.00012222263547667588,4590.000000002022,1930.0705645180988,175.5,155.805555555556,1.17968510734636,175.5,72199.4072651574,1,1,23935.1128760373,3094.53938091408,1,61302000791,61302000790361
3.0,0.0,0.0,2099.9999999994507,3.762096773876692,4.159999847412109,-0.003000005086356176,-0.00027777777778700764,1799.9999999993954,296.23790322617856,2.049999952316284,-0.0013333320617627074,-3.333330154379173e-05,1139.99999999969,956.2379032258839,3.380000114440918,0.012666670480877969,0.0004222223493464002,2220.0000000008263,123.7620967752523,3.0,0.0009999990463289729,3.333330154440874e-05,2669.9999999997635,573.7620967741896,142.0,105.34693877551,1.17968510734636,142.0,72013.7327140891,1,1,23936.8606635762,3094.53938091408,1,61302000791,61302000790351
3.0,0.0,0.0009888890054554089,2039.99999999978,7.306451612560522,3.259999990463257,0.008666666348815164,0.00028888887829517005,2099.999999999883,67.30645161266375,3.009999990463257,0.0,0.0,2460.00000000011,427.30645161289067,4.239999771118164,-0.0020000139872104077,-0.00018888950347691283,1860.0000000002412,172.69354838697814,1.9299999475479126,0.0006666660308748255,8.888893657163097e-05,840.000000000071,1192.6935483871484,132.5,90.25,1.17968510734636,132.5,71796.0233104608,1,1,23938.358767181,3094.53938091408,1,61302000791,61302000790341
3.0,0.0,0.0,1830.0000000002553,14.032258064733242,3.4800000190734863,-0.004333329200745746,-0.00017777760823614692,1950.0000000000061,134.03225806448404,3.009999990463257,0.0,0.0,2220.000000000084,404.03225806456203,3.809999942779541,0.0,1.1111100514733102e-05,1709.999999999933,105.96774193558917,2.130000114440918,0.0003333409627290924,2.2222730848609488e-05,960.0000000000679,855.9677419354542,120.0,1.06122448979592,1.26882339055207,120.0,71609.0237408502,1,1,23940.1065547199,2939.07914586143,1,61302000791,61302000790331
3.0,0.0,0.0,2249.9999999998627,5.092741935408867,3.609999895095825,0.0,-0.0006777776612175939,2369.9999999998968,125.09274193544297,3.059999942779541,-0.0006666660308761998,-4.444440205850494e-05,2670.0000000001487,425.0927419356949,3.5799999237060547,-0.0013333320617625254,-0.0002666664123540243,2039.9999999997592,204.9072580646946,1.9600000381469727,0.0,2.2222201029323886e-05,1559.9999999999286,684.9072580645252,152.0,283.888888888889,1.33567710295635,152.0,71398.4282682763,1,1,23941.6046583247,2822.48396957194,1,61302000791,61302000790321
3.0,0.0,0.0,2789.9999999997945,4.983870968136216,3.7200000286102295,0.0,-3.333330154445674e-05,2670.000000000178,124.98387096775286,1.940000057220459,0.0,1.1111100514589688e-05,2130.000000000392,664.9838709675387,3.609999895095825,0.0203333298375212,0.0006777776612838297,2909.9999999996194,115.0161290316887,3.119999885559082,-0.0003333409627188806,-1.111136542366322e-05,3300.000000000525,505.0161290325941,189.0,53.4722222222222,1.33567710295635,189.0,71211.4286959531,1,1,23943.1027619295,2822.48396957194,1,61302000791,61302000790311
3.0,0.0,0.00047777785195490916,2489.999999999001,7.6451612907258095,3.5799999237060547,0.008333333333736164,0.00017777787317162672,2399.9999999987813,97.64516129094545,2.2300000190734863,0.0,0.0,1919.9999999990087,577.6451612907181,3.9600000381469727,0.0,-8.888880412109386e-05,2700.000000000801,202.35483871107408,2.9200000762939453,-0.001666665077239107,6.666660309082377e-05,3539.999999998766,1042.354838709039,168.0,300.666666666667,1.33567710295635,168.0,70397.5385292006,1,1,23949.3448602827,2822.48396957194,1,61302000791,61302000790271
3.0,0.0,0.0,1589.9999999986142,1.2580645179341445,3.5199999809265137,0.0016666650771479808,7.777770359856581e-05,1289.9999999998458,301.25806451670246,2.200000047683716,0.0,0.0001111110051452354,899.9999999998676,691.2580645166807,3.859999895095825,0.0,-6.666660308677112e-05,1769.999999999748,178.74193548319977,2.940000057220459,0.0,6.666660308695605e-05,2640.000000000457,1048.7419354839087,108.0,182.333333333333,1.33567710295635,108.0,70210.5399948102,1,1,23950.8429638874,2822.48396957194,1,61302000791,61302000790261
3.0,0.0,0.0008777777353401015,1860.00000000174,11.201612901874341,3.9200000762939453,0.0,-4.444440205969672e-05,1679.9999999995348,191.20161290407964,3.390000104904175,-0.009666665394927054,-0.0005222222540041488,1470.0000000003256,401.20161290328883,4.019999980926514,0.0,0.0,2070.000000000049,198.79838709643468,3.940000057220459,0.00999999841066301,0.00044444428550843813,2460.0000000001223,588.7983870965079,127.0,128.16,1.33567710295635,127.0,69804.2847757009,1,1,23953.5894871629,2822.48396957194,1,61302000791,61302000790241
3.0,0.0,0.0,2249.9999999989905,5.086693548173116,4.019999980926514,-0.0003333409627340897,-4.444493187950424e-05,2039.999999998429,204.91330645238827,2.4000000953674316,-0.0016666650772336152,-6.666660308975313e-05,509.9999999986591,1734.9133064521582,4.590000152587891,0.0030000050861560186,0.0004000001483273844,2789.999999999629,545.0866935488116,3.049999952316284,0.0,5.5555502574273104e-05,3239.999999998185,995.0866935473678,150.0,67.25,1.86130081073979,150.0,69612.1905690989,1,1,23955.0875907676,1306.89396007904,1,61302000791,61302000790231
3.0,0.0,0.0,2339.999999999917,0.18145161320990155,3.869999885559082,0.002333331108122247,0.00012222210566569983,2009.9999999991933,329.8185483875136,2.2699999809265137,0.0006666660308578205,5.5555502571818945e-05,600.0000000003728,1739.818548386334,4.46999979019165,0.01066665649442552,0.00034444385106635915,2579.999999999661,240.18145161295433,2.619999885559082,-0.0020000060400527223,1.111083559770675e-05,3719.9999999992224,1380.1814516125155,150.0,204.4,1.86130081073979,150.0,69403.434065867,1,1,23956.3360104383,1306.89396007904,1,61302000791,61302000790221
3.0,0.0,0.0,2220.0000000002924,1.1552419356398786,3.9800000190734863,0.0,-6.666660308982752e-05,2040.000000000014,178.84475806463843,3.1600000858306885,0.0,-1.1111100514672555e-05,1320.0000000004266,898.844758064226,,,,,,,,,,,189.0,106.408163265306,1.86130081073979,189.0,68629.7186272474,1,1,23962.8277927256,1306.89396007904,1,61302000791,61302000790181
3.0,0.0,0.0,3000.000000000346,10.318548387378996,3.309999942779541,-0.0006666660308802825,-0.00038888878291994003,3120.0000000004197,130.31854838745267,2.6500000953674316,0.0006666660308835465,3.3333301544122253e-05,3539.9999999999895,550.3185483870225,,,,,,,,,,,202.5,138.138888888889,1.04337403981116,202.5,68008.9499042918,1,1,23967.5717874741,2761.94672933738,1,61302000791,61302000790151
3.0,0.0,0.0,2729.9999999998613,5.516129032249864,3.700000047683716,0.0,-0.00011111127005701915,2909.999999999795,174.48387096768374,2.2699999809265137,0.0009999990463245923,6.666660308832383e-05,3390.000000000094,654.483870967983,3.440000057220459,-0.005666661262568384,-0.0005555552906515913,2609.999999999894,125.51612903221712,1.7100000381469727,0.00033333301543767295,4.444440205814115e-05,2040.000000000586,695.5161290315252,184.0,183.959183673469,1.04337403981116,184.0,67616.5709076684,1,1,23971.0673625519,2761.94672933738,1,61302000791,61302000790131
3.0,0.0,0.0,1890.0000000001203,1.8991935481899418,3.9600000381469727,0.032000001271866495,0.0010666667090722412,1980.0000000000566,91.89919354812628,2.319999933242798,-0.001333332061745346,-1.1110835603847223e-05,2520.000000000743,631.8991935488127,3.5199999809265137,-0.0016666650771444817,-0.0007333331637623453,1740.0000000011319,148.10080645079847,2.0199999809265137,-0.0009999990463284499,-2.2222201029582583e-05,1140.000000000624,748.1008064513064,127.0,115.805555555556,1.15835454884175,127.0,67024.6841215495,1,1,23975.8113573003,2091.84807423173,1,61302000791,61302000790101
3.0,0.0,0.0,1830.0000000000673,4.8991935483686575,4.800000190734863,0.011000013351358726,0.0004111120435859424,1980.0000000005502,154.8991935488516,3.0,0.0060000022252373435,0.0005111111534940115,2460.00000000003,634.8991935483314,3.809999942779541,0.0003333330154382717,-2.2222201030250896e-05,1709.9999999999104,115.10080645178823,2.0299999713897705,-0.0023333311080841013,8.888906902551649e-05,1080.0000000001578,745.1008064515408,125.0,893.333333333333,1.27333505787234,125.0,66814.0105245392,1,1,23977.3094609051,1421.74941912607,1,61302000791,61302000790091
3.0,0.0,0.0,2459.999999999916,7.9112903228683535,3.890000104904175,0.0020000060399213908,5.555576748220658e-05,2370.000000000377,97.91129032240724,2.0,-0.00099999904632942,4.4444402058663696e-05,1650.0000000000218,817.9112903227624,,,,,,,,,,,166.0,268.666666666667,1.27333505787234,166.0,66610.4032058976,1,1,23978.8075645099,1421.74941912607,1,61302000791,61302000790081
3.0,0.0,0.0,3239.999999999968,6.241935484314126,3.930000066757202,-0.000666666030873047,-0.0001444445715979009,3090.000000000776,156.2419354835065,2.75,-0.010666664441938499,0.0005888891220111984,2579.9999999991396,666.2419354851427,,,,,,,,,,,209.5,1003.13888888889,1.27333505787234,209.5,66414.6204759239,1,1,23980.3056681146,1421.74941912607,1,61302000791,61302000790071
3.0,0.0,0.0,3030.0000000009068,3.2903225799332176,3.890000104904175,0.0010000069936165498,2.6490993757114353e-10,2760.0000000010814,273.2903225797586,2.7300000190734863,0.0,2.2222201029136597e-05,2280.0000000007653,753.2903225800746,4.489999771118164,0.007666651407868539,0.0001333326763588637,3210.000000000139,176.70967741929917,3.0799999237060547,0.00099999904635503,7.777770360595645e-05,3750.000000000037,716.7096774191969,192.0,34.56,1.27333505787234,192.0,66216.7575564509,1,1,23981.5540877853,1421.74941912607,1,61302000791,61302000790061
3.0,0.0,0.0,2309.9999999996908,9.858870967550502,4.070000171661377,-0.0009999910990483385,-0.00013333267635852735,2579.9999999998704,260.1411290326291,2.880000114440918,0.0,3.333330154356797e-05,3059.9999999999122,740.141129032671,3.7100000381469727,-0.00033333301543988353,-9.999990463344349e-05,2159.9999999999272,159.85887096731403,2.3299999237060547,-0.0023333390552455887,0.0005555552906296697,1740.000000000116,579.8588709671253,150.5,110.75,1.25517468050548,150.5,66037.6373119977,1,1,23983.5515592583,1529.81362807971,1,61302000791,61302000790051
3.0,0.0,0.0,1680.0000000002417,0.2298387099087904,4.239999771118164,0.008666658401404391,0.0001888887087456109,1919.999999999876,240.22983870954317,2.9700000286102295,0.0,0.0,2489.999999999038,810.2298387087053,3.5799999237060547,-0.005333336194026035,-0.0013333333862864357,1530.0000000004184,149.77016128991454,2.130000114440918,-0.003999996185142845,-0.00011111100513670847,1260.0000000001603,419.7701612901726,111.0,256.6875,1.25258034088164,111.0,65809.5088656662,1,1,23984.5502949948,1545.25137221594,1,61302000791,61302000790041
3.0,0.0,0.0,2490.0000000008017,6.955645160888253,3.9600000381469727,0.032000001271618145,0.0010666667090556844,2580.0000000011523,83.04435483946236,2.859999895095825,-0.0010000069936181566,-2.22224659394543e-05,3330.000000001053,833.0443548393632,3.5,0.0019999980926260225,-0.00023333337572084374,2370.00000000126,126.95564516042987,1.9700000286102295,0.0006666660308905092,2.2222201029907647e-05,2010.0000000007249,486.9556451609651,165.5,1405.22222222222,1.25258034088164,165.5,65618.3544053134,1,1,23986.0483985996,1545.25137221594,1,61302000791,61302000790031
0.5,0.0,0.0,2040.0000000006903,9.67741935446611,3.609999895095825,-0.007333334286900603,-0.00018888870874341103,2730.000000000509,680.3225806453524,2.799999952316284,-0.001999998092719185,3.33335664513743e-05,3930.000000000207,1880.3225806450505,1.8300000429153442,-0.0016666650771770593,-5.55555025714882e-05,1320.0000000013792,729.6774193537772,1.5199999809265137,-0.0006666660308724406,7.777783606080401e-05,900.0000000004112,1149.6774193547453,192.0,78.1388888888889,1.00512111746557,192.0,64422.6215652641,1,1,23995.836691005,3405.18469351022,5,61302000785,61302000780435
0.5,0.0,0.0,1979.9999999993122,8.256048386540442,3.680000066757202,0.008666666348646747,0.0003777776824043748,1080.0000000001435,891.7439516126283,1.8200000524520874,0.0,4.4444402057659745e-05,240.00000000039864,1731.7439516123732,3.6600000858306885,0.0,3.33333015449125e-05,3059.999999999531,1088.2560483867594,3.2699999809265137,0.0009999990463008847,5.555550257211642e-05,4229.999999999917,2258.2560483871457,212.0,0.0,1.00512111746557,212.0,63993.1334395253,1,1,23997.2581807694,3405.18469351022,5,61302000785,61302000780415
0.5,0.0,0.0,2579.999999999845,13.258064516130162,4.46999979019165,0.0373333295185625,0.0012444443172829644,3119.9999999993743,526.7419354833992,3.319999933242798,0.000666666030895855,4.444440206118223e-05,5489.999999999517,2896.741935483542,,,,,,,,,,,254.0,64.8,1.00512111746557,254.0,63797.031524162,1,1,23997.9689256515,3405.18469351022,5,61302000785,61302000780405
3.0,0.0,0.0,2129.9999999997685,2.056451612948422,3.5399999618530273,0.003666663169739314,7.777770359654132e-05,1980.000000000305,147.9435483865152,3.3299999237060547,0.0003333330154515554,-1.1111100514854116e-05,1649.9999999987708,477.9435483880493,,,,,,,,,,,141.0,879.666666666667,1.71571149360463,141.0,62791.0690170781,1,1,24002.2333949444,1533.30927131459,5,61302000785,61302000780355
2.5,0.0,0.0,2730.0000000009127,9.350806452820052,3.5299999713897705,0.0046666622161232124,0.00016666650771651078,2610.000000000095,110.64919354799758,3.309999942779541,0.0,5.555550257406847e-05,2369.9999999996135,350.64919354847916,,,,,,,,,,,184.0,131.916666666667,1.71571149360463,184.0,62596.2450536298,1,1,24003.086288803,1533.30927131459,5,61302000785,61302000780345
2.5,0.0,0.0,3210.000000000728,1.7903225813483914,4.53000020980835,0.0010000069936095164,-0.0009111107720535944,3059.9999999993015,148.20967742007815,3.390000104904175,0.0,3.3333301545030734e-05,2729.9999999991505,478.2096774202291,4.53000020980835,-0.029666662216463534,0.0008999999364222568,3419.9999999993443,211.7903225799646,3.450000047683716,0.0003333330154471898,6.666660308965489e-05,4349.999999999362,1141.7903225799828,212.5,665.583333333333,1.71571149360463,212.5,62395.907389512,1,1,24003.9391826616,1533.30927131459,5,61302000785,61302000780335
2.5,0.0,0.0,2549.999999999958,11.310483871025099,4.860000133514404,-0.00099999109903747,-0.00019999980926359767,2880.000000000188,341.31048387125475,3.200000047683716,0.0006666660308874371,6.666660308880133e-05,3479.99999999983,941.3104838708969,5.5,0.056333335241401813,0.001688889132654496,2399.999999999865,138.68951612906812,2.559999942779541,0.0,3.333330154393808e-05,1709.9999999999052,828.6895161290279,170.0,101.472222222222,1.71571149360463,170.0,62172.7493653011,1,1,24004.7920765202,1533.30927131459,5,61302000785,61302000780325
2.5,0.0,0.0014444443914716466,1919.9999999991733,13.215725806720457,3.799999952316284,-0.013999994595087507,-0.0009111107719871567,1859.9999999993624,73.21572580653128,3.3399999141693115,0.00033333301543416886,1.1111100514214774e-05,1559.9999999999172,373.2157258059765,,,,,,,,,,,126.0,184.555555555556,1.71571149360463,126.0,61793.9562913701,1,1,24006.4978642374,1533.30927131459,5,61302000785,61302000780305
3.359999895095825,0.0006666660308965522,-0.0009111110369341906,3899.9999999994866,4.560483871220185,7.420000076293945,0.01600000063642801,0.00018888897368362986,4379.999999998752,475.4395161280454,2.8399999141693115,-0.0009999990463346574,-3.33333015447877e-05,4890.000000000061,985.4395161293542,,,,,,,,,,,182.5,432.888888888889,1.84858350631551,182.5,61587.6749846923,1,1,24007.3507580959,1583.63657485482,5,61302000785,61302000780295
2.5,0.0,0.0,2640.0000000009695,4.639112902808392,3.4600000381469727,0.0,3.333330154277923e-05,2520.0000000009754,124.63911290280248,2.2899999618530273,-0.00033333301543934035,-1.111110051455954e-05,1890.0000000011237,754.6391129026542,,,,,,,,,,,171.0,61.25,2.11432753173727,171.0,61389.2183977193,1,1,24008.2036519545,1684.2911819353,5,61302000785,61302000780285
2.5,0.0,0.0,1800.0000000003254,8.75201612888418,3.7100000381469727,0.010999997456975788,0.00014444430669779197,1620.000000000211,188.75201612899855,1.5,-0.00033333301543738493,-2.2222201029117986e-05,1230.0000000005052,578.7520161287043,,,,,,,,,,,120.0,78.0,2.11432753173727,120.0,60575.4036760456,1,1,24011.4730784124,1684.2911819353,5,61302000785,61302000780245
2.5,0.0,0.0,3510.000000000677,2.0564516137574174,3.640000104904175,0.0013333400089863463,-9.999963973075009e-05,3780.0000000010996,272.0564516141799,3.200000047683716,0.001333332061867097,7.777770361055073e-05,4199.999999999668,692.0564516127483,,,,,,,,,,,189.0,315.472222222222,2.11432753173727,189.0,60158.8789245531,1,1,24013.1788661296,1684.2911819353,5,61302000785,61302000780225
2.5,0.0,0.0,1920.0000000010489,13.233870968542078,4.28000020980835,0.0006666660308724052,-0.0019333336087850777,2010.000000000878,103.2338709683711,2.7300000190734863,0.0006666660309002509,8.88888041196454e-05,2460.0000000002055,553.2338709676987,3.2699999809265137,-0.0033333301545113345,-0.0001444443066979003,1740.0000000000466,166.76612903246019,1.559999942779541,-0.0013333360354556086,-3.333343400163826e-05,870.0000000000688,1036.7661290324381,127.0,1061.91666666667,1.95651326047571,127.0,59166.4790799301,1,1,24017.585484399,1671.24611296957,5,61302000785,61302000780175
2.5,0.0,0.0009555554389961797,2069.9999999993565,12.344758064917642,3.4000000953674316,0.0013333400090541141,2.222246593926162e-05,1889.9999999995437,192.3447580647305,1.7799999713897705,-0.0003333330154370212,-1.1111100514404928e-05,1109.999999999529,972.3447580647451,5.150000095367432,0.008000008265240952,-0.0024111106660712,2159.999999999203,77.65524193492865,2.5999999046325684,0.0,2.2222201029562038e-05,2789.9999999996207,707.6552419353466,138.0,82.2222222222222,1.95651326047571,138.0,58961.3278099212,1,1,24018.4383782575,1671.24611296957,5,61302000785,61302000780165
2.5,0.0,0.0,2159.999999999889,1.9052419355393795,3.390000104904175,0.0,-2.222246593924983e-05,1979.99999999951,181.9052419359184,3.109999895095825,0.0006666660308936116,2.222220103011447e-05,1469.9999999996587,691.9052419357697,,,,,,,,,,,142.0,67.3877551020408,1.95651326047571,142.0,58763.8282415416,1,1,24019.4334210926,1671.24611296957,5,61302000785,61302000780155
2.5,0.0,0.0,2430.000000000472,4.288306452203415,3.4000000953674316,-0.00033333301545280847,-4.444440206122585e-05,2219.999999998905,205.71169354936364,3.140000104904175,0.00033333301544119726,1.1111100514683332e-05,1860.0000000003179,565.7116935479507,,,,,,,,,,,161.0,52.16,1.95651326047571,161.0,58544.7478789169,1,1,24020.1441659747,1671.24611296957,5,61302000785,61302000780145
2.5,0.0,0.0,1919.999999999872,1.899193548651965,5.599999904632568,0.10333333015395374,0.003444444338449618,1950.000000000007,28.100806451483095,4.119999885559082,-0.004333337148031716,1.1110835603724782e-05,2490.000000000154,568.1008064516302,3.440000057220459,0.0003333330154380191,1.1111100514471454e-05,1710.0000000004716,211.89919354805238,3.130000114440918,-0.0003333330154380191,-1.1111100514471454e-05,1380.0000000012674,541.8991935472566,127.0,177.84,1.95651326047571,127.0,58367.7279402286,1,1,24020.8549108569,1671.24611296957,5,61302000785,61302000780135
2.5,0.0,0.0,2580.000000000961,7.379032259173073,3.4000000953674316,0.0,-6.666686799876415e-05,2369.9999999999645,202.62096774182328,3.069999933242798,-0.0003333330154631009,-2.222220103161261e-05,2039.9999999991126,532.6209677426752,,,,,,,,,,,170.0,425.061224489796,1.99396686737255,170.0,58167.0436882043,1,1,24021.8499536919,1435.72820771955,5,61302000785,61302000780125
2.5,0.0,0.0,1740.0000000002317,1.1491935488506897,3.200000047683716,-0.0009999990463329823,-7.777770360486422e-05,1559.9999999991053,178.85080645227572,1.850000023841858,0.00333333412802406,0.0002999999787953901,1170.0000000002678,568.8508064511132,3.5399999618530273,0.03466666539583764,0.0011555555132191457,1829.9999999995964,91.14919354821541,2.0,0.0,0.0,2249.999999999574,511.1491935481929,111.5,419.222222222222,2.08760088461464,111.5,57937.2339459991,1,1,24022.7028475505,846.933444594497,5,61302000785,61302000780115
2.0,0.0,0.0,2820.0000000008404,11.879032257576455,3.880000114440918,-0.01333333651243912,-0.0008222224977452536,2220.0000000005707,611.8790322578461,1.9500000476837158,-0.001999998092710727,-0.00012222210566606277,1589.9999999999677,1241.8790322584491,5.300000190734863,-0.015666659672957883,-0.004711110856789644,3330.000000000809,498.12096774239217,2.869999885559082,-0.0006666739781713457,-2.222246593909774e-05,3810.000000000694,978.1209677422771,132.5,495.583333333333,2.08760088461464,132.5,57738.0183288466,1,1,24023.555741409,846.933444594497,5,61302000785,61302000780105
2.0,0.0,0.0,3089.999999998831,9.8588709659075,3.049999952316284,-0.01666666666656612,-0.0008555555343605507,2879.999999999051,200.1411290338724,1.149999976158142,0.0003333330154291313,2.2222201028094892e-05,2100.0000000004206,980.1411290325027,,,,,,,,,,,210.0,180.555555555556,1.34630075734937,210.0,57129.8692360836,1,1,24026.3987209377,2029.38273765912,5,61302000785,61302000780075
2.0,0.0,0.0,3330.000000000676,0.16330645109019315,3.5899999141693115,-0.0009999990463378406,-0.00039999988344843637,3060.0000000002606,270.16330645150583,1.149999976158142,0.00033333301545351586,1.1111100515504573e-05,2189.9999999996085,1140.163306452158,,,,,,,,,,,223.5,206.0,1.19804073189632,223.5,56944.0589525909,1,1,24027.2516147962,2265.87259627205,5,61302000785,61302000780065
2.0,0.0,0.0,3599.999999999278,3.9108272176235914e-10,2.930000066757202,0.0,0.0005999999576074262,3389.9999999992037,210.0000000004652,1.1399999856948853,0.0,0.0,2640.0000000018026,959.9999999978663,,,,,,,,,,,240.0,80.0,1.19804073189632,240.0,56742.168592985,1,1,24028.1045086548,2265.87259627205,5,61302000785,61302000780055
2.0,0.0,0.0,3239.9999999985043,3.5806451607281815,3.319999933242798,0.008000000317874826,0.0002666666772619404,3059.9999999980596,176.41935483971656,1.1399999856948853,0.0003333330154608019,2.2222201030948342e-05,2219.999999997445,1016.4193548403314,,,,,,,,,,,213.0,233.805555555556,1.19804073189632,213.0,56540.2782335076,1,1,24028.9574025134,2265.87259627205,5,61302000785,61302000780045
2.0,0.0,0.0,2910.0000000008254,10.68145161208804,3.299999952316284,0.0066666682562954525,0.00013333347109724584,2699.9999999997844,220.68145161312896,1.340000033378601,-0.0003333330154402423,-3.3333301543859e-05,2100.0000000006426,820.6814516122708,,,,,,,,,,,193.5,110.25,1.19804073189632,193.5,56329.6052970802,1,1,24029.810296372,2265.87259627205,5,61302000785,61302000780035
2.0,0.0,0.0010222223069929163,2130.000000000244,9.447580645422477,3.25,-0.0009999990463153683,-0.00021111117468847808,1920.000000000106,200.55241935471577,1.190000057220459,0.0,1.1111100514940559e-05,719.999999999605,1400.5524193552167,,,,,,,,,,,142.0,154.122448979592,1.19804073189632,142.0,56139.5864416658,1,1,24030.805339207,2265.87259627205,5,61302000785,61302000780025
2.0,0.0,0.0,2820.000000000017,12.508064516110608,4.110000133514404,0.02866667111754919,0.0005555558204951148,2669.9999999993947,162.5080645167327,1.149999976158142,0.0,1.1111100514640889e-05,2219.9999999997713,612.5080645163562,,,,,,,,,,,189.0,48.0,1.85417917217861,189.0,55530.5581277078,1,1,24033.5061697592,1958.44550196397,5,61302000775,61302000770455
2.0,0.0,0.0,2970.000000000693,6.895161289669431,3.059999942779541,-0.013000003496911253,-0.0007111112276804137,2790.000000000288,186.8951612900746,1.149999976158142,0.00033333301543715,1.1111100514413515e-05,2190.000000000771,786.8951612895917,,,,,,,,,,,196.0,115.25,1.85417917217861,196.0,55311.2474009815,1,1,24034.3590636178,1958.44550196397,5,61302000775,61302000770445
2.0,0.0,0.0,3360.000000000467,0.0302419351419303,3.3399999141693115,0.002666664123539724,8.888880411814306e-05,3120.000000000039,240.03024193556985,1.2000000476837158,0.0003333330154456639,2.222220102991927e-05,2579.9999999997463,780.0302419358627,,,,,,,,,,,225.0,428.204081632653,1.85417917217861,225.0,55126.5588192906,1,1,24035.3541064528,1958.44550196397,5,61302000775,61302000770435
2.0,0.0,0.0,2909.999999999663,10.947580644968184,3.390000104904175,0.007666667302423164,0.00029999997880574686,2699.999999999762,199.05241935493268,1.0,0.0003333330154456487,-1.1111100514857821e-05,2159.9999999995443,739.0524193551505,,,,,,,,,,,195.5,160.0,1.85417917217861,195.5,54915.3692514123,1,1,24036.2070003114,1958.44550196397,5,61302000775,61302000770425
2.0,0.0,0.0,1830.0000000008206,6.949596775114742,2.259999990463257,0.0026666641237037157,2.222193613108729e-05,1709.9999999999548,113.0504032257511,1.100000023841858,0.00033333301545262654,1.1111100515445286e-05,1200.0000000002383,623.0504032254676,,,,,,,,,,,121.0,42.2222222222222,1.85417917217861,121.0,54523.2760660973,1,1,24037.9127880286,1958.44550196397,5,61302000775,61302000770405
2.0,0.0,0.0,2640.0000000007044,12.290322581059627,3.380000114440918,-0.0069999933238749845,-0.001999999681978741,2790.0000000024243,162.29032258277948,1.6799999475479126,0.0,0.00024444447623223585,3150.0000000000505,522.2903225804057,,,,,,,,,,,127.0,58.56,1.85417917217861,127.0,54331.8858898893,1,1,24038.6235329107,1958.44550196397,5,61302000775,61302000770395
2.0,0.0,0.0,2010.000000001776,5.129032256231085,2.5199999809265137,0.004333329200723248,5.555523766224943e-05,1860.0000000008379,155.12903225716923,1.149999976158142,-0.000999999046323228,1.3245509573383038e-10,1079.9999999998843,935.1290322581228,,,,,,,,,,,132.5,647.0,1.85417917217861,132.5,54131.2016470083,1,1,24039.4764267693,1958.44550196397,5,61302000775,61302000770385
2.0,0.0,0.0,3209.9999999999354,0.8286290323021603,2.890000104904175,-0.0013333320617699225,-0.0001444445716035637,3000.000000000237,209.17137096739634,1.1299999952316284,0.0009999990463593349,3.333330154643287e-05,2370.0000000001846,839.1713709674486,,,,,,,,,,,213.0,109.36,1.44331687952938,213.0,53895.5316323934,1,1,24040.1871716514,2526.68267114314,5,61302000775,61302000770375
2.0,0.0,0.0,3210.000000000016,1.7903225798950189,2.7100000381469727,-0.0016666650772183655,-0.0001222221056646298,3060.0000000002365,148.20967741988443,1.350000023841858,0.0,-2.2222201028509043e-05,2220.0000000015275,988.2096774185934,,,,,,,,,,,212.0,125.2,1.34060130636708,212.0,53710.3035633213,1,1,24040.8979165336,2668.74196343793,5,61302000775,61302000770365
2.0,0.0,0.0,3030.0000000003056,1.6270161293132333,2.930000066757202,0.0056666692098017845,0.00029999997880567406,2880.000000000449,148.37298387054352,1.4700000286102295,-0.0006666660308711219,-4.444440205838586e-05,1890.000000000601,1138.3729838703914,3.809999942779541,0.060333331425221966,0.0020111110474819744,3120.0000000005193,91.62701612952696,2.799999952316284,-0.0009999990463263203,-0.000399999883449069,3720.0000000001223,691.62701612913,201.0,478.138888888889,1.34060130636708,201.0,53521.6424230864,1,1,24041.7508103922,2668.74196343793,5,61302000775,61302000770355
2.0,0.0,0.0,3240.0000000005152,4.1518433135934174e-10,2.890000104904175,0.0,0.0,3120.0000000009663,119.99999999996407,1.4700000286102295,0.001333336035413312,1.1111232969361415e-05,2190.0000000000427,1050.0000000008877,,,,,,,,,,,216.5,137.916666666667,1.34060130636708,216.5,53292.6548618849,1,1,24042.6037042508,2668.74196343793,5,61302000775,61302000770345
2.0,0.0,0.0,3239.9999999996467,14.370967742862831,2.9200000762939453,0.0,-6.666686799783343e-05,3000.000000000393,254.3709677421166,1.2699999809265137,0.0,1.1111100514717017e-05,2130.000000000672,1124.3709677418374,,,,,,,,,,,216.5,65.2222222222222,1.34060130636708,216.5,53102.2225406509,1,1,24043.4565981094,2668.74196343793,5,61302000775,61302000770335
2.0,0.0,0.0,2579.9999999999413,0.02419354787798511,3.0199999809265137,-0.0009999990463473599,-0.00013333320617640816,2340.0000000006207,239.97580645144262,1.1100000143051147,0.0003333330154380772,3.333330154418996e-05,1440.0000000007997,1139.9758064512637,3.619999885559082,0.011666663487348008,0.0002999999787843849,2760.000000001295,180.02419354923177,2.4200000762939453,-0.0003333330154482913,4.444440206055686e-05,3840.000000000124,1260.0241935480608,170.0,847.836734693878,1.34060130636708,170.0,52917.5350243849,1,1,24044.4516409444,2668.74196343793,5,61302000775,61302000770325
2.0,0.0,0.0,2400.000000000238,3.2177419358727093,3.009999990463257,0.006000002225293959,0.0001222223705754181,2039.9999999996699,356.78225806469527,1.3200000524520874,0.0010000030199677212,0.0001333334710875276,1229.9999999997892,1166.782258064576,2.9000000953674316,0.001000006993611684,5.555603239275048e-05,2519.9999999997262,123.21774193536112,2.569999933242798,0.0,2.2222201029914047e-05,2759.99999999915,363.21774193478495,157.0,366.69387755102,1.34060130636708,157.0,52706.6087186493,1,1,24045.4466837794,2668.74196343793,5,61302000775,61302000770315
2.0,0.0,0.0,2129.9999999997476,4.270161290237866,2.880000114440918,0.00033334096271223356,3.333383136098153e-05,1800.000000000607,334.2701612893784,1.850000023841858,-0.0016666650771953377,-0.00011111100514490234,1320.0000000000948,814.2701612898907,3.640000104904175,0.0026666720708742814,6.666686800133062e-05,2339.9999999991223,205.72983870913686,2.7100000381469727,-0.0026666641234702384,-0.00011111100514259374,2730.000000000399,595.7298387104133,138.0,362.8,1.34060130636708,138.0,52488.1570275717,1,1,24046.1574286615,2668.74196343793,5,61302000775,61302000770305
2.0,0.0,0.0007222223281792696,2340.000000000034,10.37903225800801,2.759999990463257,0.0,-1.1111100514749692e-05,2129.9999999997585,220.3790322582836,1.850000023841858,-0.0016666650772016662,-2.2222201028836635e-05,1619.9999999997558,730.3790322582863,,,,,,,,,,,156.0,74.1224489795918,1.34060130636708,156.0,52305.6033059337,1,1,24047.1524714966,2668.74196343793,5,61302000775,61302000770295
2.0,0.0,0.0,2400.0000000006457,8.975806452122924,2.5299999713897705,0.0,-7.777770360394226e-05,2250.000000000147,141.02419354837593,1.4199999570846558,0.0,4.444453451449354e-05,1590.0000000004327,801.0241935480901,,,,,,,,,,,159.0,71.2222222222222,1.06806826894515,159.0,52090.3204273,1,1,24048.0053653551,1372.63360607576,5,61302000775,61302000770285
2.0,0.0,0.0,2430.000000000072,10.778225806193404,2.440000057220459,0.0009999990463315195,-0.00010000016954460182,2309.999999999515,109.22177419436366,1.2799999713897705,0.0006666660308713745,2.891856314544318e-16,1740.0000000014543,679.2217741924242,,,,,,,,,,,162.0,112.204081632653,1.01356166146077,162.0,51903.3208798689,1,1,24049.0004081901,1113.41193460333,5,61302000775,61302000770275
2.0,0.0,0.0,2699.9999999996344,2.9576612906066657,2.140000104904175,-0.00033333301543566956,-8.888906902588301e-05,2580.0000000001382,122.9576612901028,1.3799999952316284,-0.0003333330154287271,-1.1111100513851988e-05,2130.0000000008968,572.9576612893443,,,,,,,,,,,182.0,10.1388888888889,1.01356166146077,182.0,51691.8440797124,1,1,24049.8533020487,1113.41193460333,5,61302000775,61302000770265
2.0,0.0,0.0,5699.9999999996835,9.883064516927334,4.829999923706055,-0.020666662851347245,-0.0009666665394611613,6000.000000001525,290.1169354849144,2.2300000190734863,0.0006666660308882557,2.222220102975741e-05,6750.000000000659,1040.1169354840486,6.210000038146973,-0.06733331680360316,-0.004322221014316712,5489.999999999859,219.8830645167518,1.4800000190734863,0.0009999990463281242,2.2222201029406414e-05,3209.9999999999914,2499.8830645166195,247.5,245.0,1.00414920870824,247.5,51489.9529627194,1,1,24050.7061959073,2012.32890765829,5,61302000775,61302000770255
2.0,0.0,0.0,4770.000000000157,0.1209677421629749,6.820000171661377,-0.009999990463364156,-0.0010999997456837536,4589.999999999789,179.87903225820537,3.2899999618530273,-0.0013333320617912048,0.0002444444762281509,3929.999999999865,839.8790322581294,6.449999809265137,-0.006666676203574146,-0.0005666669209885792,5249.999999999604,480.12096774161,2.5899999141693115,0.0009999990463503308,-2.2222201028618185e-05,6089.999999999482,1320.1209677414872,216.0,537.138888888889,1.00414920870824,216.0,51288.0618468388,1,1,24051.5590897659,2012.32890765829,5,61302000775,61302000770245
2.0,0.0,0.0,3839.999999999897,6.846774193269539,5.46999979019165,0.042666657765657874,0.00042222181956242625,3659.9999999999513,173.15322580667635,2.7200000286102295,-0.002333331108047954,3.333356645445847e-05,3420.000000000485,413.1532258061425,4.929999828338623,-0.01633334159855184,-0.004344444804766658,3959.999999999959,126.84677419333138,2.490000009536743,-0.0013333320617611914,3.333330154410827e-05,4290.000000000203,456.84677419357513,189.0,88.2857142857143,1.00414920870824,189.0,50889.6290359528,1,1,24053.4070264595,2012.32890765829,5,61302000775,61302000770225
2.0,0.0,0.0,3510.000000000011,2.8194335754960775e-11,2.509999990463257,-0.002666664123531397,-0.00011111100514678212,3360.0000000004056,149.99999999963347,1.149999976158142,-0.0009999990463151487,1.3245519362898838e-10,2820.0000000002997,689.9999999997394,,,,,,,,,,,235.0,151.222222222222,1.96397870958158,235.0,50476.2525137696,1,1,24055.1128141767,1557.00841881304,5,61302000775,61302000770205
2.0,0.0,0.0,2280.000000000138,5.092741935093272,2.430000066757202,0.0,-7.777796851228972e-05,2069.99999999983,215.09274193540114,1.659999966621399,0.0,2.22222010287984e-05,1800.0000000005225,485.09274193470856,,,,,,,,,,,152.0,187.102040816327,1.96397870958158,152.0,50289.2529762796,1,1,24056.1078570117,1557.00841881304,5,61302000775,61302000770195
2.0,0.0,0.0,3000.0000000003006,11.491935484016267,2.5899999141693115,-0.0003333330154406869,-3.333330154384553e-05,3180.0000000002156,191.49193548393123,1.149999976158142,0.0003333330154470837,3.3333301544732795e-05,3779.999999999949,791.4919354836647,,,,,,,,,,,150.0,37.265306122449,1.96397870958158,150.0,49264.2198138088,1,1,24060.514475281,1557.00841881304,5,61302000775,61302000770145
2.0,0.0,0.0,2580.0000000002337,7.838709677275801,2.4700000286102295,0.0,-0.000522222254005904,2730.000000000179,142.16129032266963,1.1299999952316284,-0.0009999990463133903,-1.111110051388399e-05,3330.000000000235,742.1612903227256,,,,,,,,,,,121.0,126.472222222222,1.71443366918694,121.0,49051.8420361676,1,1,24061.3673691396,2386.55803547927,5,61302000775,61302000770135
2.0,0.0,0.0,1859.9999999997394,1.3669354841360928,3.6700000762939453,0.00033333301544344573,1.1111100514833232e-05,1979.999999999715,118.63306451583958,2.640000104904175,0.0,2.222220102942595e-05,2369.9999999997367,508.6330645158612,2.4800000190734863,0.0,-0.00013333347108824658,1769.999999999647,91.36693548422863,1.6200000047683716,-0.0019999980926636907,-2.2222068575858965e-05,1409.9999999996944,451.3669354841811,123.0,19.1020408163265,1.21534358839764,123.0,48871.2467867631,1,1,24062.3624119746,4045.65726881173,5,61302000775,61302000770125
2.0,0.0,0.0010000001059727336,2069.999999999758,6.193548387226656,2.9000000953674316,-0.002999997138938397,-0.00018888870874622456,2010.0000000000257,66.19354838695904,2.190000057220459,-0.00033333301544402426,1.1111100514614782e-05,1619.9999999996846,456.1935483873001,4.190000057220459,0.07300000190809666,0.00243333339696149,2159.9999999994384,83.80645161245366,2.7100000381469727,-0.001666665077213237,0.00017777787314337748,2399.9999999997876,323.8064516128029,137.0,197.551020408163,1.21534358839764,137.0,48658.2748914723,1,1,24063.3574548097,4045.65726881173,5,61302000775,61302000770115
2.0,0.0,0.0,2669.999999999846,2.116935483906218,4.610000133514404,0.08700000445139405,0.002900000148410265,2759.999999999311,92.11693548337144,2.6500000953674316,0.0016666730244743475,0.0001222226354795428,3030.000000000086,362.1169354841463,3.6600000858306885,0.03166666825584545,0.0010777778095481419,2549.999999999832,117.88306451610742,2.2899999618530273,0.009666665395165091,0.0003222221798409757,2159.9999999998117,507.8830645161279,175.0,163.805555555556,1.21534358839764,175.0,48445.3029944605,1,1,24064.2103486682,4045.65726881173,5,61302000775,61302000770105
2.0,0.0,0.0,2879.999999999639,5.298387096881925,4.929999828338623,-0.0290000120800826,-0.003411111831672231,2759.9999999996335,125.29838709688738,2.380000114440918,0.012666670481335707,0.00042222234937691605,2369.999999999538,515.2983870969829,5.400000095367432,0.01966667175328325,0.0007000001271808463,3029.9999999991055,144.70161290258466,2.7699999809265137,0.0009999990463398414,-0.0013444444868348944,3269.9999999995257,384.70161290300484,189.0,525.836734693878,1.21534358839764,189.0,48264.1136270743,1,1,24065.2053915033,4045.65726881173,5,61302000775,61302000770095
2.0,0.0,0.0,3029.999999999853,14.183467741769618,2.0,0.0,0.003922222455352778,2909.999999999954,105.81653225812943,2.4600000381469727,0.015333334604948595,0.0005111111534999367,2490.0000000002815,525.816532257802,5.409999847412109,-0.10266666412575125,-0.004188888338035307,3209.999999999894,194.18346774181055,3.3499999046325684,0.0026666641235138944,8.888880411642108e-05,3509.9999999998336,494.18346774175006,195.5,46.8055555555556,1.21534358839764,195.5,48051.7358406096,1,1,24066.0582853618,4045.65726881173,5,61302000775,61302000770085
2.0,-0.05933333238039292,-0.0019777777460375607,2669.9999999994884,1.9475806453556288,6.980000019073486,0.166000000636651,0.00553333335458397,2879.9999999997185,208.05241935487447,2.490000009536743,0.0,2.222220102937441e-05,3929.9999999995916,1258.0524193547476,9.010000228881836,0.11266667048291464,0.0037555556828155114,2099.9999999997867,571.9475806450573,2.4600000381469727,0.0003333330154464824,3.088060767788133e-16,1499.9999999995578,1171.9475806452863,183.0,187.555555555556,1.21534358839764,183.0,47863.0194290592,1,1,24066.9111792204,4045.65726881173,5,61302000775,61302000770075
2.0,0.0,0.0,2759.9999999999063,3.1693548389912394,2.0,-0.06900000572232307,-0.0030222225189258014,2640.0000000003884,123.16935483850921,2.440000057220459,0.0003333330154410962,6.568458161625616e-18,2309.999999999912,453.1693548389858,6.820000171661377,0.16066667238832777,0.005355555746264766,2850.000000000542,86.8306451616445,2.630000114440918,-0.001333332061772934,-7.777770360418075e-05,3449.9999999997253,686.8306451608278,181.0,26.0,1.21534358839764,181.0,47661.128302158,1,1,24067.764073079,4045.65726881173,5,61302000775,61302000770065
2.0,0.0,0.0,2699.9999999994698,8.818548387492228,3.2699999809265137,-0.0033333301546012483,-0.0004555553860284539,2519.999999999225,188.81854838773688,2.369999885559082,-0.0013333400090747294,-2.222246594027268e-05,2159.9999999995125,548.8185483874495,,,,,,,,,,,179.5,58.3333333333333,1.21534358839764,179.5,47464.5865925457,1,1,24068.6169669376,4045.65726881173,5,61302000775,61302000770055
2.0,0.0,0.0,2489.999999999608,0.024193548581479263,4.400000095367432,-0.0013333320617819684,-0.00014444457160393321,2279.9999999992015,210.02419354898802,2.430000066757202,-0.0016666650772113423,3.3333301541295244e-05,1890.0000000000698,600.0241935481197,6.210000038146973,0.0,-6.666660308651646e-05,2640.0000000006353,149.9758064524458,2.569999933242798,0.0003333330154375795,4.4444402059643665e-05,3329.9999999998445,839.975806451655,169.0,146.4375,1.21534358839764,169.0,47258.8987103655,1,1,24069.754158749,4045.65726881173,5,61302000775,61302000770045
2.0,0.0,0.0,1740.000000000133,0.5685483878282866,5.710000038146973,0.013333336511371271,0.0006444443596139227,1620.0000000009168,119.43145161138796,2.4000000953674316,-0.0003333330154383222,0.00011111100514998557,1139.9999999995998,599.4314516127049,7.96999979019165,0.03399999936190564,-0.004366666475767093,1860.0000000014738,120.56854838916911,3.0999999046325684,0.0006666660308949809,3.333330154462214e-05,2069.9999999999236,330.5685483876189,117.0,133.84,1.21534358839764,117.0,47041.2203659621,1,1,24070.4649036312,4045.65726881173,5,61302000775,61302000770035
2.0,-0.07733333905622031,-0.001855556170208136,2070.000000000466,9.181451613387253,5.389999866485596,0.010999997456303739,-0.003033333354424748,2190.000000001071,110.81854838721756,3.140000104904175,0.0036666711171837152,2.2222465939358973e-05,2400.0000000007335,320.81854838688014,4.730000019073486,0.0,0.0018333334393358855,1980.0000000005023,99.1814516133511,2.359999895095825,0.0,1.1111100514620088e-05,1470.000000000295,609.1814516135585,139.0,233.138888888889,1.21534358839764,139.0,46844.48550756,1,1,24071.3177974898,4045.65726881173,5,61302000775,61302000770025
2.0,0.0,0.0,2370.0000000013424,0.2600806460709464,3.569999933242798,0.0029999971391263896,-0.0006444446245735121,2249.999999999992,119.73991935527965,2.509999990463257,-0.0006666660308754015,-4.1853456463931355e-16,1980.0000000010077,389.73991935426375,,,,,,,,,,,189.5,53.8055555555556,2.61480858870217,189.5,45856.3645623613,1,1,24075.2979688298,833.278703994467,5,61302000765,61302000760445
2.0,0.0,0.0,1920.0000000010878,8.39516129165213,3.940000057220459,0.008333333333191983,-0.001600000063582616,2010.0000000007626,98.39516129132699,2.4000000953674316,0.0,-1.1111100514007107e-05,2280.0000000007185,368.3951612912829,,,,,,,,,,,121.0,46.8888888888889,2.61480858870217,121.0,45048.5582214226,1,1,24078.993842217,833.278703994467,5,61302000765,61302000760405
2.0,0.0,0.0,2010.0000000004786,11.020161290818805,4.71999979019165,0.010333331425817414,0.0004000001483398194,1890.0000000004468,108.97983870921303,3.2799999713897705,0.0016666650772352543,5.5555502575367864e-05,1680.0000000007885,318.9798387088713,3.7799999713897705,-0.05999999841140228,-0.00349999984106358,2130.000000000556,131.02016129089634,2.549999952316284,0.0,-1.1111100514700681e-05,2400.000000001174,401.02016129151434,127.0,25.0612244897959,2.5648842159651,127.0,44867.9640982308,1,1,24079.9888850521,2002.10585408035,5,61302000765,61302000760395
2.0,0.0,0.0,2099.9999999992056,13.35483870975122,5.199999809265137,0.004333321253457903,-0.000555556085394274,1949.9999999989595,163.35483870999724,2.9700000286102295,-0.000999999046293245,1.1111100518137051e-05,1679.9999999995139,433.3548387094429,2.0,0.0,0.0,2189.9999999992947,76.64516129033791,2.4800000190734863,-0.0003333330154314101,3.3333301544786686e-05,2519.9999999997617,406.64516129080494,179.5,169.805555555556,2.55656348717558,179.5,44652.6824619443,1,1,24080.8417789106,2196.91037909466,5,61302000765,61302000760385
2.75,0.0,0.00020000007417885426,1980.0000000000807,3.6774193548892526,7.119999885559082,0.009999990463084942,-0.0009222226672773568,1560.0000000003326,423.6774193546373,2.5199999809265137,0.0009999990462869353,4.44444020563985e-05,960.0000000007245,1023.6774193542454,9.010000228881836,0.10466667811056173,-0.00081111060237695,2340.000000000457,356.32258064548705,2.4700000286102295,-0.0006666660308866995,-1.1111100515340525e-05,2940.000000000806,956.3225806458358,148.0,177.84,2.55656348717558,148.0,44262.3077738006,1,1,24082.4054176514,2196.91037909466,5,61302000765,61302000760365
2.0,0.0,0.0016000000635820713,2159.9999999997,9.580645161530356,3.440000057220459,-0.02300000190739849,-0.0011555557780823322,2099.999999999771,69.58064516145942,2.690000057220459,-0.001999998092661311,3.333330154414195e-05,1619.999999999718,549.5806451615122,2.809999942779541,-0.0009999990463268659,-0.00012222210566256627,2309.999999999919,140.41935483868883,2.259999990463257,0.0006666660308852342,-2.0918235315256504e-16,2729.9999999997017,560.4193548384715,189.0,11.3469387755102,2.55656348717558,189.0,43676.5800690669,1,1,24085.24839718,2196.91037909466,5,61302000765,61302000760335
2.0,0.0,0.0,3659.9999999999127,9.73790322610057,2.940000057220459,0.003000005086258928,4.444466696859476e-05,3539.999999999807,129.73790322620607,2.549999952316284,0.0,-2.2222201029245396e-05,3179.99999999981,489.73790322620334,,,,,,,,,,,170.0,54.8888888888889,2.55656348717558,170.0,43462.4854269281,1,1,24086.1012910386,2196.91037909466,5,61302000765,61302000760325
2.0,0.0,0.0,2610.000000000268,3.7076612901323642,3.4200000762939453,0.024333333968798262,0.00021111117465576036,2460.000000000319,153.70766129008143,1.7999999523162842,0.0,-3.3333301544360236e-05,2010.0000000000334,603.7076612903668,,,,,,,,,,,170.0,53.2222222222222,2.55656348717558,170.0,43268.6184421164,1,1,24086.9541848972,2196.91037909466,5,61302000765,61302000760315
2.0,0.0,0.0,4290.000000000246,7.070564516076047,3.9100000858306885,0.0,-2.2222201030286268e-05,4079.999999999799,202.92943548437052,2.5199999809265137,-0.0026666641236742887,-0.00015555540721438538,3540.0000000003893,742.9294354837803,4.039999961853027,-0.00800000826547257,-0.002800000508677008,4440.000000000077,157.0705645159078,3.3399999141693115,-0.0009999990463856192,7.777796850935947e-05,4830.000000000344,547.0705645161743,171.0,69.8888888888889,2.55656348717558,171.0,42864.7875844978,1,1,24088.6599726143,2196.91037909466,5,61302000765,61302000760295
2.2300000190734863,0.0009999990463390607,0.00012222210566096406,1949.9999999990328,4.735887097545401,2.4600000381469727,-0.01400000254280438,-0.00046666675141590836,1679.9999999990491,274.73588709752903,0.9900000095367432,0.0003333330154463523,1.1111100515027004e-05,689.9999999984151,1264.735887098163,,,,,,,,,,,137.0,173.25,2.55656348717558,137.0,42481.9947631213,1,1,24090.3657603315,2196.91037909466,5,61302000765,61302000760275
1.0,0.0,0.0,2009.9999999994457,9.399193548902076,2.869999885559082,0.0,-0.0002777777777730682,1830.0000000001526,189.39919354819517,1.6200000047683716,0.0,3.333330154540413e-05,1289.9999999993051,729.3991935490426,1.7400000095367432,0.024666666984937618,0.0008222222328439044,2190.000000000255,170.60080645190737,1.4199999570846558,-0.00033333301543812517,-1.1111100514478528e-05,2520.0000000000196,500.6008064516718,195.0,275.04,3.10677213843023,195.0,41867.7523327283,1,1,24092.9244419073,2016.89308717725,5,61302000765,61302000760245
1.0,0.0,0.0016777777672168108,1559.9999999994932,14.274193548749054,2.7300000190734863,-0.013666669527174507,-0.0005111114183700566,1380.0000000004557,194.27419354778658,1.649999976158142,0.0,-1.1111100515002118e-05,1079.999999999607,494.27419354863514,2.190000057220459,0.0,0.0,1709.9999999999889,135.72580645174662,1.4199999570846558,0.0,2.222233348451381e-05,2279.9999999995775,705.7258064513353,181.0,49.5555555555556,3.10677213843023,181.0,41695.4976680304,1,1,24093.7773357658,2016.89308717725,5,61302000765,61302000760235
2.0,0.0,0.0,3119.9999999988117,7.862903226548951,2.5999999046325684,0.0003333330154501305,-0.00018888870875111597,2999.9999999993906,127.86290322597006,1.690000057220459,0.0023333350817372725,0.00011111113760267841,2429.9999999992415,697.8629032261192,3.190000057220459,0.00033333301543351205,-0.0013000000847303902,3210.0000000000446,82.13709677468387,2.5,-0.0006666660308840821,-5.555550257399049e-05,3419.9999999991633,292.13709677380257,204.0,74.0,3.10677213843023,204.0,41493.6065460774,1,1,24094.6302296244,2016.89308717725,5,61302000765,61302000760225
1.5,0.0,0.00222222222218271,2819.9999999994616,10.14919354857011,5.659999847412109,0.003666655222433252,-0.0013444450165912235,2999.9999999995266,190.14919354863514,2.7899999618530273,0.0006666660308811718,8.888880411669899e-05,3659.999999998558,850.1491935476665,4.75,0.021000003815099946,0.0017888890372456945,2669.9999999989204,139.85080645197104,1.75,0.0,5.5555502571101244e-05,1979.9999999994736,829.8508064514178,190.0,80.64,3.10677213843023,190.0,40872.9080154244,1,1,24096.9046132473,2016.89308717725,5,61302000765,61302000760195
4.050000190734863,0.08500000635546963,0.0028333335451036826,2580.0000000004025,4.11290322644345,4.03000020980835,-0.0006666660309068902,-0.0028555557463115005,2609.999999999363,34.1129032254039,1.9900000095367432,-0.0019999980926174127,-6.666660308611527e-05,3779.99999999988,1204.112903225921,,,,,,,,,,,168.5,516.583333333333,3.10677213843023,168.5,40484.6801528727,1,1,24098.7525499409,2016.89308717725,5,61302000765,61302000760175
1.5,0.0,0.0022444444232842067,2369.999999999613,4.421370968385872,3.9600000381469727,0.006666668256130126,-0.002288888825283196,2489.999999999879,115.57862903188015,2.059999942779541,0.0,0.0,2820.0000000000323,445.5786290320334,3.799999952316284,-0.1376666625329323,-0.004066666761971392,2160.0000000001887,214.42137096781016,1.6399999856948853,-0.000999999046351862,-3.3333301545934674e-05,1439.9999999994668,934.4213709685321,159.0,60.2222222222222,3.10677213843023,159.0,40307.7666573035,1,1,24099.6054437995,2016.89308717725,5,61302000765,61302000760165
1.5,0.0,0.002100000116541795,2310.0000000000914,9.241935483888028,3.559999942779541,0.06866666475835731,0.002288888825246553,2370.0000000000214,50.75806451604194,1.9600000381469727,0.0,4.4444402058374254e-05,2700.00000000032,380.7580645163407,3.390000104904175,0.010666672388669071,8.888906902307271e-05,2249.9999999998286,69.24193548415087,2.630000114440918,-0.008666666348765046,0.0011999999152218083,2010.0000000001428,309.24193548383664,157.0,134.888888888889,3.10677213843023,157.0,40098.0605203464,1,1,24100.4583376581,2016.89308717725,5,61302000765,61302000760155
1.5,0.0,0.0,2250.000000000188,4.953629031971559,3.5399999618530273,-0.000999999046320166,-0.002333333227337601,2340.000000000214,85.04637096805482,2.069999933242798,0.0,1.1111100514699837e-05,2639.999999999848,385.04637096768874,2.940000057220459,0.019333338737329248,0.0005555558204557376,2129.999999999726,124.95362903243358,1.4500000476837158,-0.0009999990462974514,4.444440205874705e-05,1350.0000000001555,904.9536290320038,151.5,65.8055555555556,3.10677213843023,151.5,39901.5188236088,1,1,24101.3112315167,2016.89308717725,5,61302000765,61302000760145
1.5,0.0,0.0,2249.9999999996344,9.979838709276464,2.8399999141693115,0.00033333301544314763,-0.00015555540720547706,2130.0000000001396,110.02016129021831,1.399999976158142,-0.00033333301544187434,2.22223334839687e-05,1349.9999999998618,890.0201612904962,4.960000038146973,0.025666666031175973,-0.0021333334180959145,2339.999999999755,99.97983870939697,1.9600000381469727,0.0,1.1111100514686026e-05,2999.9999999995734,759.9798387092155,151.0,171.918367346939,3.10677213843023,151.0,39712.8024213509,1,1,24102.3062743517,2016.89308717725,5,61302000765,61302000760135
1.5,0.0,0.0,2429.999999999806,14.999999999825832,2.319999933242798,-0.00700000127168884,-0.0004777778519641059,2309.9999999998395,105.00000000014052,1.6299999952316284,0.0006666660308852442,3.333330154422828e-05,1920.000000000188,494.99999999979195,3.700000047683716,0.012333337466067486,-0.0016222219996936964,2519.9999999998377,104.99999999985766,2.2699999809265137,0.0019999980926328743,1.1111100513245995e-05,2760.000000000109,345.00000000012915,161.0,71.4722222222222,3.10677213843023,161.0,39494.0858307206,1,1,24103.1591682103,2016.89308717725,5,61302000765,61302000760125
1.5,0.0,0.0,2249.999999999473,9.387096774667498,2.700000047683716,0.0003333330154417682,-0.0013111111852767492,2339.9999999996894,80.61290322554896,1.6699999570846558,0.0003333330154278934,3.333330154310379e-05,2759.999999999633,500.6129032254926,2.200000047683716,-0.0006666660308923383,-5.555550257453231e-05,2129.9999999993674,129.387096774773,1.7100000381469727,0.0006666660308774529,3.333330154355584e-05,1830.0000000000766,429.3870967740638,148.0,68.8,3.10677213843023,148.0,39310.5854905159,1,1,24103.8699130924,2016.89308717725,5,61302000765,61302000760115
1.0,0.0,0.0,1949.9999999995503,1.3185483867093808,2.8299999237060547,0.00999999841054993,0.00032222217983715606,2070.000000000199,121.3185483873583,1.6100000143051147,-0.0016666650771674338,-2.222206857083384e-05,2369.9999999989464,421.3185483861055,2.2200000286102295,0.0006666660308852291,-0.0001111112700532754,1739.9999999997447,208.68145161309621,1.7300000190734863,-0.0009999990463235235,3.3333433993238436e-05,1470.0000000001116,478.68145161272923,127.0,57.1020408163266,3.10677213843023,127.0,39125.3570586474,1,1,24104.8649559274,2016.89308717725,5,61302000765,61302000760105
1.0,0.0,0.0,2640.0000000004793,14.999999998512976,2.049999952316284,0.0,-5.5555502570790925e-05,2520.0000000011473,134.99999999784495,1.6299999952316284,-0.0013333320617335833,1.3245754652642128e-10,2250.000000000727,404.99999999826514,,,,,,,,,,,177.0,214.555555555556,1.91188362127651,177.0,38895.6346631889,1,1,24105.717849786,2383.70959324263,5,61302000765,61302000760095
1.0,0.0,0.0,3030.00000000096,13.439516129521053,1.600000023841858,0.0,-5.555563502890032e-05,2910.0000000003556,106.5604838710833,1.3899999856948853,-0.00033333301542156735,-1.1111100513374671e-05,2640.000000000797,376.56048387064175,,,,,,,,,,,202.0,741.34693877551,1.31443936269966,202.0,38712.664040614,1,1,24106.712892621,2567.11784627532,5,61302000765,61302000760085
1.0,0.0,0.0008333333333376788,2249.9999999997153,9.979838709707565,2.819999933242798,-0.0006666660308798379,-7.777770360353206e-05,1829.9999999995491,429.9798387098738,1.5499999523162842,-0.0003333330154432259,-2.2222201029606334e-05,1409.9999999993822,849.9798387100407,,,,,,,,,,,151.0,52.8888888888889,1.31443936269966,151.0,38315.6642591451,1,1,24108.4186803382,2567.11784627532,5,61302000765,61302000760065
1.0,0.0,0.0,2580.0000000003356,6.846774193317287,2.7899999618530273,0.0,-0.00020000007416718998,2760.000000000941,173.15322580728798,1.7899999618530273,-0.0006666660308938845,1.3245454384834355e-10,3479.9999999996066,893.1532258059538,2.1700000762939453,-0.0013333320617922152,-8.888880412067885e-05,2219.9999999998486,366.8467741938043,1.8799999952316284,0.0006666660308849967,3.333330154442129e-05,1740.0000000000025,846.8467741936504,174.0,11.1388888888889,1.31443936269966,174.0,38122.556293378,1,1,24109.2715741968,2567.11784627532,5,61302000765,61302000760055
1.0,0.0,0.0,2819.9999999999677,11.032258064373764,1.6200000047683716,-0.0006666660308748659,-0.0001333333386297956,2699.999999999754,108.96774193583997,1.4500000476837158,-0.0023333311080776993,-4.444440205866394e-05,2520.000000000227,288.96774193536703,3.25,0.007666667302346928,0.00035555548137136846,2940.000000000083,131.03225806448927,1.5299999713897705,-0.00033333301543743296,2.2222333484625306e-05,3360.0000000000377,551.0322580644438,184.5,449.138888888889,1.31443936269966,184.5,37902.3420030708,1,1,24110.1244680554,2567.11784627532,5,61302000765,61302000760045
1.0,0.0,0.0,2459.999999999874,3.8709677418846695,1.4700000286102295,0.003000001112615352,1.11111005125056e-05,2339.999999999593,123.8709677421657,1.0399999618530273,0.0,2.2222201030007187e-05,2100.00000000005,363.8709677417087,3.7200000286102295,-0.0013333320617983392,-0.0031111110582067937,2549.999999999276,86.12903225751734,1.590000033378601,0.0,3.333330154490644e-05,2999.9999999998868,536.1290322581281,161.0,24.8163265306122,1.31443936269966,161.0,37718.5753251678,1,1,24111.1195108904,2567.11784627532,5,61302000765,61302000760035
1.0,0.0,0.0,2820.000000001204,8.074596775260034,1.4199999570846558,0.0033333301544191474,3.333316908769424e-05,2670.000000000077,141.92540322586729,0.9599999785423279,-0.0003333350022638519,-6.622739790574668e-11,2430.000000000307,381.9254032256372,4.0,0.0999999999995028,0.0033333333333001873,2880.000000000095,68.0745967741509,1.7200000286102295,0.0,2.2222201028702733e-05,3390.0000000010004,578.0745967750563,185.0,127.836734693878,1.31443936269966,185.0,37523.9957120662,1,1,24112.1145537254,2567.11784627532,5,61302000765,61302000760025
1.0,0.0,0.0,1920.0000000013013,6.550403226662866,2.9800000190734863,0.01699999968210534,-8.888893659308616e-05,1739.9999999999027,173.4495967747357,1.559999942779541,0.0,7.77778360583223e-05,1529.9999999998242,383.44959677481415,3.7699999809265137,-0.010000006357789819,-0.0007111114925766943,2130.000000000441,216.5504032258027,1.559999942779541,0.0,2.222233348413519e-05,2730.0000000009463,816.5504032263079,127.0,83.76,1.00273529117407,127.0,36914.0146400889,1,1,24114.2467883719,590.783314171061,5,61302000755,61302000750455
1.0,0.0,0.0,2760.000000000041,12.096774193608326,2.190000057220459,0.004000004132645275,-2.222206856906167e-05,2609.999999999659,137.90322580677366,1.4500000476837158,-0.0019999980926394224,-9.999990463070288e-05,2310.0000000008836,437.903225805549,3.7200000286102295,0.008999999364525578,-0.0002555555767322935,2879.9999999994625,132.0967741930299,1.5299999713897705,0.0,1.1111100514596931e-05,3599.999999999717,852.0967741932845,181.0,111.84,1.05450310788448,181.0,36720.0126207741,1,1,24114.957533254,511.488715275849,5,61302000755,61302000750445
1.0,0.0,0.0021666667196858828,2249.9999999999372,14.739919355391521,2.950000047683716,0.006333335240594028,0.0012000001801247496,2190.000000000454,74.73991935487493,1.3799999952316284,0.0009999990462919793,3.33333015419425e-05,1740.0000000014654,524.7399193538633,4.829999923706055,0.02199999491287793,0.0003111108143478945,2400.000000001425,135.2600806460964,1.4900000095367432,-0.0009999990463316105,-2.222220102988373e-05,3090.0000000003715,825.2600806450428,150.0,68.7755102040816,1.24906193404305,150.0,36550.4327867431,1,1,24115.952576089,1177.5730700629,5,61302000755,61302000750435
1.0,0.0,0.0,2309.999999999536,14.860887096294391,4.039999961853027,0.0,-0.0005444444550381601,2129.9999999995257,165.13911290371607,1.350000023841858,-0.0009999990462982776,-1.11111005133676e-05,1650.0000000003338,645.139112902908,3.25,-0.07800000508538336,-0.0039777782227457415,2459.9999999997412,164.86088709649948,1.4500000476837158,-0.00033333301543752897,3.957988450823746e-16,3029.999999999526,734.8608870962844,151.5,296.916666666667,1.24906193404305,151.5,36310.8124863707,1,1,24116.8054699476,1177.5730700629,5,61302000755,61302000750425
1.0,0.0,0.0019222222433557192,2310.0000000003397,14.219758064340112,3.5899999141693115,-0.007666667302516831,-0.0033888888359578716,2399.999999999632,75.7802419349523,2.200000047683716,-0.000999999046341615,-3.333330154525154e-05,2849.9999999995753,525.7802419348955,3.509999990463257,0.0,0.0,2129.999999999833,194.2197580648467,1.3899999856948853,-0.0016666690508409753,-3.333343399887511e-05,1650.0000000004757,674.2197580642041,150.0,103.138888888889,1.24906193404305,150.0,36114.7727781416,1,1,24117.6583638062,1177.5730700629,5,61302000755,61302000750415
1.0,0.0,0.0,2580.0000000008495,11.219758064408325,2.309999942779541,0.004999995231720656,0.00011111074024284722,2459.999999999983,131.21975806527462,1.350000023841858,0.0009999990463138981,7.777770360289803e-05,2040.0000000005632,551.2197580646946,,,,,,,,,,,169.0,70.56,1.3306704232011,169.0,35904.893589615,1,1,24118.3691086884,1899.83259988177,5,61302000755,61302000750405
1.0,0.0,0.0,3089.9999999995407,4.481854838409163,1.6799999475479126,0.0,1.1111232969688665e-05,2909.9999999995994,175.51814516153217,1.5199999809265137,-0.0009999990463312163,1.1111232969217413e-05,2669.9999999997517,415.51814516137983,,,,,,,,,,,203.0,485.673469387755,1.38507608263981,203.0,35721.7545548923,1,1,24119.3641515234,2381.33895309435,5,61302000755,61302000750395
1.0,0.0,0.0,2610.0000000000928,8.286290322535024,1.6200000047683716,0.0003333330154387972,-4.444453451465741e-05,2459.999999999854,141.71370967770372,1.4600000381469727,-0.0003333330154400351,1.1111100514854118e-05,2190.0000000002183,411.71370967733947,,,,,,,,,,,175.5,225.805555555556,1.38507608263981,175.5,35494.8497104733,1,1,24120.217045382,2381.33895309435,5,61302000755,61302000750385
1.0,0.0,0.0008444444338410487,2340.0000000000887,5.624999999891315,1.809999942779541,0.0016666650771848658,4.444440205701944e-05,2219.9999999995903,125.62500000038972,1.5499999523162842,0.00033333301543497226,6.666673554020901e-05,1980.000000000583,365.624999999397,,,,,,,,,,,156.0,140.583333333333,1.38507608263981,156.0,35306.7274432644,1,1,24121.0699392405,2381.33895309435,5,61302000755,61302000750375
1.0,0.0,0.0,2189.999999999907,5.352822580400243,1.690000057220459,-0.0006666660308821015,-3.333330154426836e-05,2099.999999999815,84.64717741969162,1.6799999475479126,0.0,2.222233348342056e-05,1890.0000000004375,294.64717741906907,,,,,,,,,,,146.0,52.4722222222222,1.38507608263981,146.0,35099.1126481667,1,1,24121.9228330991,2381.33895309435,5,61302000755,61302000750365
1.0,0.0,0.0,2070.0000000004347,2.854838709673004,2.440000057220459,-0.004333329200813468,-0.00022222201030134664,2249.9999999997044,182.85483870894268,1.7000000476837158,-0.0006666660308930457,2.2222201030121205e-05,2460.000000000358,392.85483870959615,1.7599999904632568,0.0,1.1111100515060772e-05,1979.999999999945,87.14516129081676,1.6200000047683716,-0.0003333330154475233,2.2222201030076993e-05,1770.0000000001623,297.1451612905994,137.0,104.222222222222,1.38507608263981,137.0,34900.6560815989,1,1,24122.7757269577,2381.33895309435,5,61302000755,61302000750355
1.0,0.0,0.0,2189.9999999995257,6.133064516696777,4.210000038146973,-0.0003333250681690916,-0.0035888883804404805,2279.999999998681,83.8669354824583,1.559999942779541,-0.0006666700045322614,-1.324547146309542e-10,2969.999999999501,773.8669354832787,,,,,,,,,,,142.0,141.265306122449,1.88198702243995,142.0,34100.584435566,1,1,24126.6137493213,1321.33536973718,5,61302000755,61302000750315
1.0,0.0,0.0,2340.0000000014215,5.370967741438108,4.210000038146973,-0.0033333301544569926,-0.00026666641236429314,2429.999999999573,84.62903225671334,1.5299999713897705,-0.0009999990463078726,-1.1110968058938953e-05,2910.000000001469,564.6290322586092,,,,,,,,,,,151.5,332.555555555556,1.88198702243995,151.5,33881.8690115032,1,1,24127.4666431799,1321.33536973718,5,61302000755,61302000750305
0.5,0.0,0.002233333322719416,2040.0000000003065,11.945564516018749,7.489999771118164,0.06633332570391617,0.002122222052677621,1799.9999999999675,251.94556451635776,1.7999999523162842,-0.002333335081693609,-5.5555635025986405e-05,1230.000000000821,821.9455645155042,8.789999961853027,0.09666666984416118,0.008222222857817369,2310.0000000004834,258.05443548415815,1.75,-0.003000001112693341,-5.555563503307659e-05,2820.000000000213,768.0544354838876,136.0,192.285714285714,1.88198702243995,136.0,33697.77562386,1,1,24128.4616860149,1321.33536973718,5,61302000755,61302000750295
0.5,0.0,0.0,2579.999999999589,7.064516129737967,2.609999895095825,0.010666664441257469,0.00013333320617318315,2760.000000000887,172.93548387156034,2.140000104904175,0.00033333301542987407,3.333330154223438e-05,3120.0000000007053,532.9354838713784,4.059999942779541,0.02133332888208388,0.0002666664123253025,2280.0000000002915,307.0645161290354,1.8799999952316284,-0.0003333330154356291,-3.3333301543385735e-05,1980.0000000010832,607.0645161282437,169.0,110.64,1.88198702243995,169.0,33072.9399132661,1,1,24131.0203675907,1321.33536973718,5,61302000755,61302000750265
0.5,0.0,0.0,2370.0000000006685,8.77016129092317,2.309999942779541,0.000666666030889812,2.2222201029861162e-05,2640.000000000637,278.7701612908918,1.9900000095367432,0.0006666660308953598,3.33333015451557e-05,3180.000000000253,818.7701612905075,2.9000000953674316,0.010000006357830596,0.0009111113018579366,2160.0000000004225,201.22983870932285,1.7799999713897705,0.0006666660308819347,1.1111100514700766e-05,1680.0000000007237,681.2298387090216,154.5,78.25,1.2706923321031,154.5,32901.3868253026,1,1,24131.8732614493,1893.09251396205,5,61302000755,61302000750255
0.5,0.0,0.0,2249.9999999999527,2.892193151637912e-10,2.319999933242798,0.0070000012715691505,0.00018888897366252892,2430.0000000006626,180.00000000042064,1.8200000524520874,-0.0006666660308775236,3.33333015446223e-05,2790.0000000004793,540.0000000002374,1.8799999952316284,0.0003333330154430769,5.5555502574179626e-05,2099.999999999709,150.00000000053296,1.75,-0.00033333301544410005,0.0002333333757157861,1950.0000000001287,300.00000000011323,150.0,57.04,1.2706923321031,150.0,32661.7089299799,1,1,24132.5840063314,1893.09251396205,5,61302000755,61302000750245
0.5,0.0,0.0012111111482307564,2189.999999998878,5.219758065210499,2.0799999237060547,-0.0020000060399469476,-0.00024444474114698706,2429.999999999336,234.78024193524743,1.6200000047683716,0.0,2.2222201027910466e-05,2850.00000000019,654.7802419361014,,,,,,,,,,,148.0,384.24,1.2706923321031,148.0,32471.8982419116,1,1,24133.2947512136,1893.09251396205,5,61302000755,61302000750235
0.5,0.0,0.0,2250.000000000069,5.086693548319545,2.0,0.0,-7.777783605706612e-05,2520.000000000488,275.08669354873837,1.659999966621399,0.0003333330154382515,1.111110051448695e-05,2880.0000000003915,635.086693548642,1.340000033378601,-0.0003333330154408158,-2.2222201029443555e-05,2010.000000000094,234.91330645165567,1.2699999809265137,-0.0003333330154446533,1.2859360567232835e-16,1829.999999999737,414.91330645201265,150.0,535.805555555556,1.2706923321031,150.0,32279.2291623806,1,1,24134.1476450722,1893.09251396205,5,61302000755,61302000750225
0.5,0.0,0.0008111111322914004,1919.9999999992813,1.8991935484320948,1.3300000429153442,0.0003333330154520708,1.1111100515408233e-05,1709.9999999982879,211.8991935494255,1.25,-0.0003333330154510021,-1.1111100515336987e-05,1469.999999998403,451.89919354931044,,,,,,,,,,,127.0,80.5555555555556,1.2706923321031,127.0,32079.0556385807,1,1,24135.0005389308,1893.09251396205,5,61302000755,61302000750215
0.5,0.0,0.0013111110527981422,2249.9999999998563,9.979838709604337,1.8600000143051147,0.004999999205160483,3.333330154238613e-05,2070.000000000288,189.97983870917278,1.1100000143051147,-0.0006666660309012412,5.555563503151319e-05,1769.999999998856,489.97983871060455,,,,,,,,,,,151.0,93.5555555555556,1.2706923321031,151.0,31864.9491995147,1,1,24135.8534327893,1893.09251396205,5,61302000755,61302000750205
0.5,0.0,0.0,2670.0000000007517,6.580645161946904,1.840000033378601,0.001333336035408623,-0.0013999998569527259,2789.999999999946,126.58064516114109,1.6200000047683716,0.0,1.1111100514636173e-05,3030.000000000467,366.58064516166223,1.7100000381469727,0.0,0.0,2519.9999999995466,143.41935483925818,1.190000057220459,0.0,-1.1111232969371687e-05,2220.0000000004147,443.41935483839006,177.0,81.0,1.00606533196865,177.0,31680.0488946356,1,1,24136.7063266479,862.952381123062,5,61302000755,61302000750195
0.5,0.0,0.0,2849.999999999315,4.451612903730165,1.559999942779541,-0.00033333698907868483,1.111096806025402e-05,2729.9999999996435,124.45161290340184,1.2000000476837158,0.0,2.222220102955193e-05,2369.9999999995866,484.4516129034587,1.590000033378601,0.0010000030199720641,2.2222333484376715e-05,3059.9999999996176,205.54838709657224,1.5299999713897705,0.0,2.222220102913188e-05,3209.999999999649,355.5483870966036,192.5,235.0,1.00606533196865,192.5,31473.239353261,1,1,24137.5592205065,862.952381123062,5,61302000755,61302000750185
0.5,0.0,0.0012777777512967994,2909.999999999666,10.947580644805385,1.649999976158142,-0.00633333524069723,-0.00031111121177733263,2819.9999999998827,79.05241935497816,1.0399999618530273,0.00033333301544369835,0.00012222223811811698,2429.9999999997804,469.0524193550805,1.590000033378601,0.003333334128039951,0.00011111113760059905,3059.9999999999864,160.94758064512553,1.5399999618530273,0.0,1.1111100514883254e-05,3239.9999999995534,340.9475806446926,195.0,540.16,1.02907432954303,195.0,31246.1590469787,1,1,24138.2699653887,1486.95832635273,5,61302000755,61302000750175
0.5,0.0,0.0,3240.000000000494,13.608870967771509,1.4700000286102295,-0.0016666650772123022,-8.88888041191312e-05,3119.9999999996444,133.60887096862098,0.9399999976158142,-0.00033333301543074815,-1.1111100513986727e-05,2820.000000000699,433.6088709675664,,,,,,,,,,,216.0,88.24,1.02907432954303,216.0,31060.9306489146,1,1,24138.9807102708,1486.95832635273,5,61302000755,61302000750165
0.5,0.0,0.0011222222116130827,2669.999999999472,1.5725806451819153,1.8899999856948853,0.004999999205237146,-0.001211111148185066,2790.0000000003643,118.4274193557103,1.75,-0.0003333330154396107,-4.4444402058310246e-05,3029.99999999924,358.42741935458616,1.5,0.0,-0.0001888888412072718,2459.999999998568,211.57258064608595,1.2100000381469727,0.0,6.6666603087621e-05,2279.999999998684,391.57258064597,176.0,282.0,1.02907432954303,176.0,30856.2386406206,1,1,24139.8336041294,1486.95832635273,5,61302000755,61302000750155
0.5,0.0,0.0,2129.999999999474,4.274625098332763e-11,2.119999885559082,-0.0050000031788061585,-0.0003222221798323938,2339.9999999999145,210.0000000004834,1.7200000286102295,0.0,0.0,2459.999999999444,330.00000000001273,,,,,,,,,,,143.0,159.138888888889,1.02907432954303,143.0,30663.8086767489,1,1,24140.686497988,1486.95832635273,5,61302000755,61302000750145
0.5,0.0,0.0,2640.000000000447,12.096774193199508,2.190000057220459,0.006333335240624653,0.000266666677258038,2820.000000000341,167.90322580669454,1.6699999570846558,0.0009999990463183015,0.00010000003708585811,3000.000000000136,347.90322580648944,,,,,,,,,,,180.0,458.805555555556,1.04425542785554,180.0,30469.7437562205,1,1,24141.5393918466,1181.58809100908,5,61302000755,61302000750135
0.5,0.0,0.0,2849.9999999994234,4.451612903592377,2.140000104904175,-0.00033333301543264296,-0.001844444539757819,2940.000000000191,85.54838709717524,1.600000023841858,0.0006666660308828593,5.55555025735765e-05,3209.9999999992574,355.54838709624164,,,,,,,,,,,192.0,58.3333333333333,1.04425542785554,192.0,30267.8541238659,1,1,24142.3922857052,1181.58809100908,5,61302000755,61302000750125
0.0,0.0,0.0,3239.9999999996253,1.2883064523830399,5.090000152587891,-0.06699999173650849,-0.0030666663912619794,3480.000000000259,238.71169354825088,2.130000114440918,-0.012666662533589503,-0.0007222220632215289,4020.000000001921,778.7116935499125,9.489999771118164,0.02966664632235208,9.999910990921262e-05,2969.999999999745,271.28830645226344,3.549999952316284,-0.004000004132810682,-0.00015555567213024345,2520.0000000005525,721.2883064514558,219.0,3575.10204081633,1.22225303140529,219.0,29456.7227992214,1,1,24146.0881590924,1169.54000645652,5,61302000755,61302000750085
0.0,0.0,0.0,1830.000000000954,8.11693548488779,5.53000020980835,0.07466667492930824,0.0027777780425080447,1320.0000000007872,501.8830645152791,2.180000066757202,0.00033333301541018794,1.1111100512616045e-05,480.00000000279726,1341.883064513269,,,,,,,,,,,123.0,273.918367346939,1.12979845020025,123.0,29244.3463022362,1,1,24147.0832019274,1081.49356140431,5,61302000755,61302000750075
0.0,0.0,0.0,1740.0000000014934,3.8709677432245826,4.199999809265137,0.033666658401424444,0.0009666662745919984,2130.0000000003806,393.8709677421118,2.7799999713897705,0.0009999990462927144,2.2222201027304807e-05,2610.000000001308,873.870967743039,2.559999942779541,-0.00266667207056766,-0.00027777804265210484,1320.0000000025432,416.12903225572563,1.9299999475479126,0.0006666660309032219,2.2222201030755158e-05,1140.0000000012649,596.1290322570039,121.0,115.918367346939,1.00652567526018,121.0,28843.8485077398,1,1,24148.931138621,964.098301334704,5,61302000755,61302000750055
0.0,0.0,0.0,2400.0000000005425,6.157258064575217,3.240000009536743,0.03666666348692802,0.0011666663487210926,2730.0000000006166,323.8427419354989,2.859999895095825,0.0,1.1111100514595248e-05,3120.000000001885,713.8427419367672,,,,,,,,,,,160.0,608.583333333333,1.08371554507654,160.0,28420.349246674,1,1,24150.7790753146,1461.09645330326,5,61302000755,61302000750035
0.0,0.0,0.0016000000635452913,1920.0000000008886,8.516129031878336,3.259999990463257,0.01799999872816849,0.00015555540719568885,2220.0000000006366,291.48387096786973,2.9100000858306885,-0.0009999990463341116,-4.4444402059460246e-05,2550.000000000198,621.4838709674309,,,,,,,,,,,129.0,905.44,1.08371554507654,129.0,28214.4519117936,1,1,24151.4898201967,1461.09645330326,5,61302000755,61302000750025
0.0,0.0,0.0,2280.0000000003793,9.919354838471008,7.96999979019165,0.011333322524579298,-0.0011888896093491448,2520.00000000229,230.08064516343984,1.8600000143051147,0.0016666690509429274,6.666686800411704e-05,3719.99999999969,1430.0806451608396,0.0,-0.06466666857349186,0.0007444445292928993,2219.999999999915,69.9193548389353,1.809999942779541,-0.008333333333004525,0.0009333335028032682,2010.0000000019686,279.91935483688167,150.0,136.472222222222,1.03098809549801,150.0,27618.6541035159,1,1,24153.9063527961,1560.97631090406,5,61302000745,61302000740465
0.0,0.0,0.003866666687684678,1800.000000001064,13.766129031537048,8.649999618530273,0.015333334604559282,0.0005555555555323223,2250.0000000010887,436.2338709684875,2.009999990463257,-0.0016666650772232414,-0.00014444430669665524,3240.000000000421,1426.23387096782,,,,,,,,,,,123.0,85.5510204081633,1.03098809549801,123.0,27438.0599805005,1,1,24154.9013956311,1560.97631090406,5,61302000745,61302000740455
0.0,0.0,0.0,1979.9999999998076,12.387096774430802,7.409999847412109,0.003999996185320439,-0.0002000003390856788,2639.9999999988618,672.3870967734849,2.2799999713897705,-0.0029999971390783685,-9.999990463932287e-05,3719.9999999988604,1752.3870967734836,,,,,,,,,,,136.5,42.1388888888889,1.03098809549801,136.5,27223.9665937392,1,1,24155.7542894897,1560.97631090406,5,61302000745,61302000740445
0.0,0.0,0.0017888889047966937,2130.0000000004566,14.443548387155715,9.489999771118164,0.030999978381681104,-0.0033111121920993314,2400.0000000022837,255.55645161467146,2.1700000762939453,0.0006666660308832433,1.1111100514641394e-05,3690.0000000001114,1545.5564516124991,,,,,,,,,,,151.5,65.8055555555556,1.01204008738609,151.5,27035.8453005543,1,1,24156.6071833482,970.676528710891,5,61302000745,61302000740435
0.0,0.0,0.0,2069.9999999980273,13.149193549719712,4.369999885559082,0.04266666571342632,0.0015666667620610765,2249.999999998346,166.85080645059907,2.299999952316284,-0.0016666650771743308,0.00011111127005691725,2549.999999999478,466.85080645173093,,,,,,,,,,,146.5,86.2222222222222,1.60003942660282,146.5,26630.9558697201,1,1,24158.4551200418,1548.45117754261,5,61302000745,61302000740415
0.0,0.0,0.0015555555290905163,2129.9999999996826,10.221774193301371,3.7100000381469727,0.006000002225025613,-0.0013888888888857487,2310.0000000006703,169.77822580768634,2.119999885559082,0.005666661262481112,0.0003333330154423548,2639.999999998954,499.7782258059701,,,,,,,,,,,150.0,150.775510204082,1.60003942660282,150.0,26443.9573441047,1,1,24159.4501628769,1548.45117754261,5,61302000745,61302000740405
0.0,0.0,0.0,1860.000000000836,6.3387096770677545,9.270000457763672,0.01600001653075621,-0.0006555551952702141,2189.999999999538,323.66129032163417,2.7300000190734863,0.0016666650770946491,0.00011111100513645836,3390.0000000021823,1523.6612903242785,,,,,,,,,,,129.0,111.04,1.60003942660282,129.0,26229.2698334567,1,1,24160.160907759,1548.45117754261,5,61302000745,61302000740395
0.0,0.0,0.0,1950.000000000623,9.604838709393789,9.729999542236328,0.039666652679645385,0.0013222217559949137,2219.999999999872,260.3951612898554,4.0,0.012666670481428445,0.0004222223493830986,3180.00000000031,1220.3951612902933,,,,,,,,,,,133.5,217.138888888889,1.60003942660282,133.5,26059.6905028493,1,1,24161.0138016176,1548.45117754261,5,61302000745,61302000740385
0.0,0.0,0.0,1889.9999999997744,13.499999999783086,7.260000228881836,0.014000002543228704,0.0008111111323174332,2189.9999999996476,313.4999999996562,1.3799999952316284,-0.0009999990463119806,1.1111232969783648e-05,3480.0000000001337,1603.5000000001423,,,,,,,,,,,124.5,318.888888888889,1.60003942660282,124.5,25843.1958451169,1,1,24161.8666954762,1548.45117754261,5,61302000745,61302000740375
0.0,0.0,0.0028888887829644433,2009.9999999999216,2.6370967747457144,5.559999942779541,0.005666669209561274,8.888933392161822e-05,1649.9999999996512,357.36290322552463,1.2000000476837158,0.0013333360354308348,0.00014444457159971114,1259.9999999994175,747.3629032257584,,,,,,,,,,,127.0,77.44,1.39788373983358,127.0,25458.050927854,1,1,24163.1460362641,1641.89704272798,5,61302000745,61302000740355
0.0,0.0,0.0,1949.9999999995634,14.999999999638476,9.170000076293945,0.0,-0.0002888891432052498,1619.999999999726,315.00000000019895,7.050000190734863,-0.001999998092644849,0.00029999997880890585,1139.9999999999006,795.0000000000243,7.099999904632568,-0.006333335240734863,-0.00059999995761931,2819.999999999768,884.9999999998431,1.409999966621399,-0.0010000030199696843,3.333316908983761e-05,3839.9999999998054,1904.9999999998804,129.5,367.805555555556,1.26311328198742,129.5,25049.2415313403,1,1,24164.7096750048,1704.1942861849,5,61302000745,61302000740335
0.0,0.0,0.0,2159.999999999367,0.18145161330585324,9.260000228881836,-0.0030000050862431255,-0.0002111117045064197,1499.999999999667,660.181451613006,6.860000133514404,0.00633333524037433,0.0005222219890717322,150.00000000069042,2010.1814516119825,,,,,,,,,,,151.0,77.0,1.26311328198742,151.0,24862.8361502842,1,1,24165.5625688634,1704.1942861849,5,61302000745,61302000740325
0.0,0.0,0.0,1499.9999999999357,5.334677419458785,8.15999984741211,0.0023333231607972644,-0.0013333336511932058,1110.0000000007544,395.33467741864,5.860000133514404,0.0006666660308745899,5.555523766266277e-05,150.00000000052572,1355.3346774188688,,,,,,,,,,,108.0,19.44,1.22222866864531,108.0,24467.5888569755,1,1,24167.2683565805,1701.75994255493,5,61302000745,61302000740305
0.0,0.0,0.0,1830.0000000009798,1.046370968249903,2.950000047683716,-0.1950000047661059,-0.008266666995004633,1440.0000000012715,388.9536290314584,5.739999771118164,0.00033332506814957776,1.1110835604774368e-05,330.00000000037153,1498.9536290323583,,,,,,,,,,,127.0,16.0,1.05869021527687,127.0,24252.3689759751,1,1,24167.9791014627,1692.02256803503,5,61302000745,61302000740295
0.0,0.0,0.0,1830.0000000008165,9.495967742484709,7.639999866485596,-0.005666669209730619,-0.00047777758703941125,1260.0000000008865,560.5040322574453,5.71999979019165,0.0,-1.111083560538586e-05,360.00000000053774,1460.504032257794,,,,,,,,,,,127.0,82.6875,1.05869021527687,127.0,24056.2671039926,1,1,24168.5476973684,1692.02256803503,5,61302000745,61302000740285
0.0,0.0,0.0,2070.0000000007485,3.3145161286201983,7.809999942779541,0.01833332379660045,0.0006777773963105864,1410.0000000003429,663.3145161290258,5.860000133514404,0.0,-2.2222201029721283e-05,630.0000000003436,1443.3145161290252,,,,,,,,,,,142.0,97.265306122449,1.05869021527687,142.0,23890.5686694453,1,1,24169.5427402034,1692.02256803503,5,61302000745,61302000740275
0.0,0.0,0.0,1829.999999999844,1.1008064516654485,9.460000038146973,0.06066667238751294,0.0022111113865346164,1200.0000000000214,631.1008064514881,6.739999771118164,-0.002333339055405193,-7.77779685143718e-05,659.9999999997303,1171.1008064517791,,,,,,,,,,,121.5,111.805555555556,1.05869021527687,121.5,23665.3318799701,1,1,24170.395634062,1692.02256803503,5,61302000745,61302000740265
0.0,0.0,0.0,2130.000000000473,7.995967742165703,6.730000019073486,-0.0013333320617755615,-1.1110835605516223e-05,1800.0000000007772,322.00403225753007,5.489999771118164,0.0006666660308803482,0.00013333373599537583,1290.000000000676,832.0040322576313,,,,,,,,,,,146.0,256.555555555556,1.95825025709921,146.0,23088.3300589718,1,1,24173.0964646142,997.529503032209,5,61302000745,61302000740235
0.0,0.0,0.0,2249.999999999281,0.5443548391508557,5.989999771118164,-0.09600000381048449,-0.0014444446561912496,2070.000000000648,180.54435483778389,6.389999866485596,-0.002333339055421675,-0.00015555593703090172,1529.9999999992683,720.5443548391636,9.529999732971191,0.005666669209552427,-0.00746666616845655,2910.0000000003547,659.4556451619228,5.679999828338623,0.0,0.00011111153497029221,3569.999999999598,1319.455645161166,158.0,403.472222222222,1.95825025709921,158.0,22874.6076143527,1,1,24173.9493584728,997.529503032209,5,61302000745,61302000740225
0.0,0.0,0.0,1950.0000000006044,4.064516128861214,1.5199999809265137,-0.0006666660308954609,-4.4444402059658655e-05,1590.0000000003079,364.0645161291577,0.8899999856948853,-0.00033333301543124336,-1.111110051401974e-05,1230.0000000009438,724.0645161285217,,,,,,,,,,,129.0,1374.47222222222,1.44721352187196,129.0,22271.2572901526,1,1,24176.5080400485,1846.92538075632,5,61302000745,61302000740195
0.0,0.0,0.0,1829.9999999989027,1.0463709666364593,9.960000038146973,0.1113333384205102,0.004155555831140619,1439.999999998254,388.95362903401224,5.769999980926514,0.0006666660308638155,2.222220102812807e-05,509.99999999941554,1318.9536290328506,,,,,,,,,,,127.0,68.8163265306122,1.44721352187196,127.0,21697.7541755985,1,1,24179.0667216243,1846.92538075632,5,61302000745,61302000740165
0.0,0.0,0.0,2249.9999999999714,2.8124999999813554,10.09000015258789,-0.01199998855607846,-0.004166666136900234,1349.9999999995157,902.812500000437,5.690000057220459,0.0013333320617669162,1.1110835605368416e-05,449.9999999998846,1802.8125000000682,,,,,,,,,,,155.5,108.916666666667,1.44721352187196,155.5,21295.854490633,1,1,24180.630360365,1846.92538075632,5,61302000745,61302000740145
0.0,0.0,0.0,2099.9999999995566,7.79032258023426,7.519999980926514,-0.0483333428700721,-0.0013666677474988495,1860.0000000002128,232.20967741910954,5.860000133514404,0.0013333320617429612,2.2222201027845705e-05,899.9999999998752,1192.2096774194472,8.130000114440918,0.0,-0.002522222201001206,2579.9999999996294,487.790322580307,3.3299999237060547,0.0019999980926239005,0.0003444443808577149,3870.0000000000587,1777.7903225807363,142.0,443.102040816327,1.30275510081408,142.0,21106.1803015321,1,1,24181.6254032001,1790.55168864413,5,61302000745,61302000740135
0.0,0.0,0.0,2549.9999999990614,4.5201886678114533e-10,8.180000305175781,0.003999996185261929,1.1110305780262863e-05,2129.9999999991983,420.00000000031514,5.659999847412109,-0.0023333390554216506,-0.0001666667726343329,209.99999999932004,2340.0000000001933,7.329999923706055,0.08933332761101119,-0.00024444474111870126,2909.9999999997503,360.0000000002369,1.9299999475479126,0.0013333320617469225,6.666660308698233e-05,4889.999999999548,2340.0000000000346,171.0,250.472222222222,1.24497173239092,171.0,20887.4637821222,1,1,24182.4782970586,1768.00221179926,5,61302000745,61302000740125
0.0,0.0,0.0,2250.0000000004247,2.5011104298755527e-10,7.949999809265137,0.0009999910990588128,0.00012222184075479767,1799.999999999922,450.0000000002526,6.050000190734863,-0.0013333320617575383,-6.666660308796673e-05,540.0000000008869,1709.9999999992879,8.380000114440918,0.08066666920945335,0.0046222220526469055,2820.0000000010505,570.0000000008758,1.899999976158142,-0.0003333330154439156,0.00010000003708365276,4440.000000001007,2190.000000000832,151.0,60.4,1.24497173239092,151.0,20684.6148800892,1,1,24183.1890419408,1768.00221179926,5,61302000745,61302000740115
0.0,0.0,0.001188888947219428,2249.9999999999523,9.979838710194144,9.479999542236328,-0.005666669209815958,-0.0002555550469331663,1589.9999999992338,650.0201612905244,6.429999828338623,0.0,3.3333566454984767e-05,209.9999999998808,2030.0201612898773,8.069999694824219,0.008666658400812564,0.0004333331849321867,2760.0000000015493,519.9798387117912,1.3600000143051147,-0.0043333331745447345,-0.0001333333386425474,3300.0000000003884,1059.9798387106302,150.5,135.805555555556,1.23266391555918,150.5,20095.2614860083,1,1,24185.889872493,1872.78057415286,5,61302000745,61302000740085
0.0,0.0,0.0,2310.0000000021937,5.231854837194533,9.640000343322754,-0.003999996185456075,-4.4444402065129444e-05,1589.9999999998693,725.231854839519,4.71999979019165,-0.0003333409627404519,0.00021111064486576737,360.00000000021583,1955.2318548391725,8.65999984741211,0.17233332793568604,0.0034666665398423923,2519.9999999997926,204.7681451604044,0.9100000262260437,-0.001333332061778189,6.622873318247196e-11,3959.9999999997895,1644.7681451604012,152.0,2.88888888888889,1.17112483140046,152.0,19694.1562556962,1,1,24187.5956602101,2396.6723859209,5,61302000745,61302000740065
0.0,0.0,0.0009333333041889555,1950.0000000009136,10.747983869868676,7.739999771118164,0.06399998664914747,-0.002688889503425484,2280.0000000004434,319.2520161296611,1.75,0.0,1.1111100514971001e-05,3570.0000000007194,1609.2520161299371,10.359999656677246,0.028666655222934014,-7.777849830296969e-05,1650.0000000009584,310.7479838698239,6.789999961853027,-0.0006666660308910272,8.888880412325341e-05,539.999999999571,1420.7479838712113,129.0,216.555555555556,1.17112483140046,129.0,19510.0628691856,1,1,24188.4485540687,2396.6723859209,5,61302000745,61302000740055
0.0,0.0,0.0009666666720246195,1889.9999999999452,12.967741936336324,8.34000015258789,0.0730000019080513,-0.002622222238245364,2130.0000000004284,227.03225806414684,1.7300000190734863,-0.0009999990463306404,-3.3333301544519905e-05,3270.0000000007662,1367.0322580644847,9.640000343322754,-0.0006666501362686693,-4.4443342416685685e-05,1260.000000001699,642.9677419345826,7.110000133514404,-0.0016666571299356417,-0.00012222184075443194,629.9999999998037,1272.967741936478,129.0,246.96,1.17112483140046,129.0,19299.3899581551,1,1,24189.1592989509,2396.6723859209,5,61302000745,61302000740045
0.0,0.0,0.0,2489.9999999991405,8.177419354116864,5.670000076293945,0.0023333390554287135,2.2222730850117796e-05,2939.999999998883,458.1774193538595,1.7599999904632568,0.0009999990463351726,2.2222201030236743e-05,3779.999999999813,1298.1774193547894,9.989999771118164,0.0043333371480717515,0.00020000033908573517,1859.9999999999723,621.8225806450514,6.489999771118164,0.00033332506814065673,1.1110835604179632e-05,390.0000000006621,2091.8225806443616,165.0,139.25,1.17112483140046,165.0,19127.1358809409,1,1,24190.0121928095,2396.6723859209,5,61302000745,61302000740035
0.0,0.0,0.0,1920.0000000005189,4.8508064518546234,10.34000015258789,0.0056666692096406426,0.0002222220102847471,1500.0000000000227,415.1491935486415,6.860000133514404,0.0,5.55552376646551e-05,89.99999999936588,1825.1491935492984,7.070000171661377,-0.040333318709605104,-0.0031333324644110543,2220.000000000133,304.85080645146854,2.0299999713897705,0.00033333301545225265,3.33333015446634e-05,3149.9999999998035,1234.8508064511393,127.0,83.76,1.17112483140046,127.0,18902.339363346,1,1,24190.7229376916,2396.6723859209,5,61302000745,61302000740025
0.0,0.0,0.0,2279.9999999995516,5.09274193564579,4.619999885559082,0.11399999459626546,0.003688888682288171,2429.9999999997603,144.90725806456294,2.7100000381469727,0.00033333301544064144,4.4444402058698295e-05,3839.999999999895,1554.9072580646975,9.819999694824219,-0.0010000228881808576,-0.0001666683620881127,1709.9999999997322,575.0927419354653,6.340000152587891,0.0026666641235548873,7.777743869496406e-05,149.9999999996101,2135.092741935587,152.0,0.244897959183673,1.0056627320509,152.0,18326.1285122155,1,1,24193.4237682438,939.978190694975,5,61302000735,61302000730455
0.0,0.0,0.0012222222486849036,2670.0000000012037,3.090725805513557,5.46999979019165,-0.007333342234393553,-0.000300000508634305,3210.0000000004698,536.9092741937525,2.9000000953674316,0.0,0.0,4770.0000000006885,2096.909274193971,9.550000190734863,-0.0006666501363244705,-4.444334242177822e-05,2190.000000000366,483.0907258063512,6.25,0.0010000069935993338,5.298183536216609e-10,510.0000000007272,2163.09072580599,179.5,282.805555555556,1.00515147033994,179.5,18105.1010275492,1,1,24194.2766621024,843.196927307427,5,61302000735,61302000730445
0.0,0.0,0.0,2550.000000000621,7.487903225423906,7.230000019073486,0.004333337148061406,-0.0014222219255484699,3089.9999999999472,532.5120967739022,2.8499999046325684,-0.00033333301543756936,-3.3333301543804094e-05,4530.00000000059,1972.5120967745452,9.819999694824219,0.005333328247040764,0.0001222218407503552,2070.000000000378,487.4879032256672,6.019999980926514,0.003000005086246411,0.00012222237057068645,1050.0000000003836,1507.4879032256615,170.0,571.918367346939,1.00464020862897,170.0,17922.7235108389,1,1,24195.2717049374,746.415663919879,5,61302000735,61302000730435
0.0,0.0,0.0010777778095678201,1980.0000000002174,1.6643753042444587e-10,9.779999732971191,0.005666669209777991,4.444440205750349e-05,1530.0000000000691,449.9999999999818,5.03000020980835,-0.0009999910990180186,5.5555767482736685e-05,690.0000000008357,1289.999999999215,8.220000267028809,0.012333345412895798,0.0004222228791768121,2550.000000000766,570.0000000007149,2.799999952316284,-0.0006666660308889024,2.2222201029155797e-05,3869.999999999808,1889.9999999997572,132.5,186.472222222222,1.11191919679377,132.5,17705.1297536805,1,1,24196.124598796,1067.31596344579,5,61302000735,61302000730425
0.0,0.0,0.0,2099.999999999823,8.540322580311567,10.039999961853027,0.003666655222581984,4.444334242096239e-05,2789.999999999773,698.5403225802615,3.119999885559082,-0.0006666739781759539,-2.2222465939404953e-05,4019.999999999853,1928.5403225803416,9.670000076293945,-0.010999997456930267,-0.0009888892703566647,1679.999999999868,411.45967741964364,4.989999771118164,0.0,6.666713290787686e-05,779.999999999807,1311.4596774197046,137.5,92.5555555555556,1.16555869087617,137.5,17509.3471439964,1,1,24196.9774926546,1227.76611320875,5,61302000735,61302000730415
0.0,0.0,0.001100000010612205,1770.000000000275,7.850806451373501,6.519999980926514,0.0,-0.0002888886133827344,2250.000000000454,472.14919354880544,3.0399999618530273,0.000333333015442132,5.555550257359351e-05,2610.0000000003997,832.1491935487513,9.550000190734863,-0.00899998346958311,-0.00035555415682997,1350.0000000004413,427.85080645120706,6.010000228881836,-0.003999996185333058,-7.777796851415898e-05,540.000000000158,1237.8508064514904,119.0,118.666666666667,1.16555869087617,119.0,17311.8476730748,1,1,24197.8303865132,1227.76611320875,5,61302000735,61302000730405
0.0,0.0,0.000855555534384386,1889.9999999990373,10.348790321840397,11.670000076293945,0.003000005086230643,-0.00468888865570707,2099.999999999976,220.348790322779,2.440000057220459,0.0,6.666660308712885e-05,2909.9999999997735,1030.3487903225766,14.890000343322754,0.15366668701597908,0.005122222900674647,1559.9999999992845,319.65120967791245,7.920000076293945,0.008666674296063366,0.0009888892703456278,570.0000000000236,1309.6512096771733,127.0,0.0,1.16555869087617,127.0,17110.5514455225,1,1,24198.5411313953,1227.76611320875,5,61302000735,61302000730395
0.0,0.0,0.0009333333041746664,2489.9999999999964,3.5322580645042763,7.820000171661377,-0.04699997901907883,-0.005688887702039761,2969.9999999996303,483.5322580641382,2.4000000953674316,0.000333333015451904,1.1111100515397117e-05,3659.9999999989805,1173.5322580634884,11.869999885559082,0.0,-0.0034888892703174175,2280.000000000101,206.46774193539113,7.039999961853027,-0.004666662216191794,7.777796851766407e-05,1649.9999999990378,836.4677419364543,168.0,439.0,1.26095067497191,168.0,16910.4418787553,1,1,24199.3940252539,883.863542807446,5,61302000735,61302000730385
0.0,0.0,0.0014222221904313535,2249.9999999998663,15.000000000099135,11.729999542236328,-0.000666681925452657,-0.0002444447411417571,2700.000000000029,435.00000000006366,2.5999999046325684,0.0,3.3333566453419124e-05,3390.0000000001037,1125.0000000001382,9.350000381469727,-0.07699998219861867,-0.007511110305815412,2099.9999999999523,165.0000000000132,3.25,-0.003666663169872845,0.000166666772631571,1679.9999999999238,585.0000000000416,151.0,172.408163265306,1.26095067497191,151.0,16708.2624840677,1,1,24200.3890680889,883.863542807446,5,61302000735,61302000730375
0.0,0.0,0.0,1919.9999999992267,4.850806451199787,8.220000267028809,-0.007333310445072038,-0.0002777767181346621,1709.9999999994504,205.14919354857648,3.559999942779541,-0.004000004132508608,-2.2222465933355786e-05,1079.99999999967,835.1491935483568,11.550000190734863,0.13833333650695726,-0.002211111121975495,2220.000000000428,304.850806452401,3.9000000953674316,-0.0023333311080538603,-0.0001333332061749774,3149.999999999225,1234.8508064511982,127.0,19.36,1.2659322,127.0,16502.5965759052,1,1,24201.0998129711,959.001264998207,5,61302000735,61302000730365
0.0,0.0,0.0,1469.9999999995414,8.322580645643257,7.71999979019165,0.024999999999606455,-0.0004111109839735283,1260.0000000001855,218.3225806449991,4.599999904632568,-0.002333339055386721,-0.00023333337572035637,569.9999999999359,908.3225806452488,,,,,,,,,,,97.0,345.555555555556,1.07445235737578,97.0,15297.2145166388,1,1,24205.6485802168,1646.8087560635,5,61302000735,61302000730305
0.0,0.0,0.0033999999364130538,1800.0000000002938,7.9838709676423605,4.480000019073486,0.0,-6.666660308787463e-05,1560.000000000255,247.983870967681,2.4000000953674316,-0.0013333320617614694,4.4444402060235674e-05,750.0000000000892,1057.983870967847,3.4100000858306885,0.0016666730244942805,5.5555767483103944e-05,2100.000000000292,292.0161290323558,0.6600000262260437,-0.003999998172107735,1.1111232968942376e-05,2730.000000000495,922.0161290325591,120.0,1.22222222222222,1.07445235737578,120.0,14877.2968748954,1,1,24207.4965169105,1646.8087560635,5,61302000735,61302000730285
0.0,0.0,0.003655555513120603,2220.0000000002124,10.040322580613065,4.25,0.0010000069936036576,-0.00013333267636025616,1920.0000000001075,310.0403225807179,2.2799999713897705,0.000999999046317392,-3.333330154452293e-05,1110.0000000000684,1120.040322580757,3.549999952316284,-0.0019999980926663132,-0.0004888886875562022,2790.000000000172,559.9596774193465,0.75,-0.006000000238400389,0.00013333333863071556,3060.000000000226,829.9596774194006,150.0,104.571428571429,1.02797892054078,150.0,14696.7017162104,1,1,24208.4915597455,1113.89173166823,5,61302000735,61302000730275
0.0,0.0,0.0020888888835919966,2250.000000000085,4.953629032522713,4.130000114440918,0.01400000254313586,0.0005888888570990308,2040.0000000003297,214.95362903227806,1.7000000476837158,-0.0023333311080811743,-0.0001666665077182022,1020.0000000005834,1234.9536290320243,,,,,,,,,,,151.5,290.805555555556,1.02757887146496,151.5,14274.3228282324,1,1,24210.3394964391,1074.58062421939,5,61302000735,61302000730255
0.0,0.0,0.0030444444550674532,1919.99999999986,6.550403225503715,4.800000190734863,0.003000005086286804,-0.00023333337572276278,1709.9999999999347,203.44959677442148,2.9100000858306885,0.00033333301544257664,2.222220102941517e-05,1259.9999999999757,653.4495967743806,1.559999942779541,-0.05766666730246178,-0.002377777629429725,2309.9999999999663,396.5504032256101,0.6899999976158142,-0.0013333340485798745,3.333330154292441e-05,2820.0000000004184,906.5504032260621,128.0,25.6326530612245,1.04576819712315,128.0,14083.8896518973,1,1,24211.3345392741,1248.43632652867,5,61302000735,61302000730245
0.0,0.0,0.005122222370483474,1830.0000000003931,1.9354838705887687,4.849999904632568,0.005999994277980068,0.0003111108144147925,1709.99999999975,121.93548387123201,2.7300000190734863,0.0029999971389489473,-6.666686800148125e-05,1169.9999999997642,661.9354838712177,3.2300000190734863,0.026666665077365703,-0.0018111112383258651,1889.999999999631,58.064516128649075,1.0399999618530273,-0.0016666690508723404,-1.1111232970538537e-05,2339.999999999575,508.0645161285929,121.0,23.9183673469388,1.04576819712315,121.0,13870.9178690966,1,1,24212.3295821091,1248.43632652867,5,61302000735,61302000730235
0.0,0.0,0.0029555556509188656,1919.9999999986417,3.5322580651954922,4.239999771118164,-0.00300000508623801,-0.00015555540720625869,1679.9999999990785,243.5322580647587,3.4000000953674316,-0.003999996185296429,0.00022222227520222616,1319.9999999988188,603.5322580650184,,,,,,,,,,,127.0,37.25,1.24152701766738,127.0,13656.8233410789,1,1,24213.1824759677,1176.82779706039,5,61302000735,61302000730225
0.0,0.0,0.0,2280.000000000263,10.040322580985048,3.9000000953674316,0.0,-0.00011111127005773243,1949.9999999997308,319.959677419547,2.75,0.008666666348688588,0.0005444444550359969,1260.000000000001,1009.9596774192769,,,,,,,,,,,150.0,90.1388888888889,1.63304465875584,150.0,13456.6579189985,1,1,24214.0353698263,1033.61073812383,5,61302000735,61302000730215
0.0,0.0,0.0010777778095710222,1769.9999999996644,8.558467742041557,2.8499999046325684,0.006666660308768365,7.777743868889426e-05,1980.0000000000612,201.4415322583552,2.559999942779541,0.000333333015445674,3.333330154444882e-05,2399.999999999757,621.4415322580512,,,,,,,,,,,116.0,37.5555555555556,1.63304465875584,116.0,13263.9644526419,1,1,24214.8882636849,1033.61073812383,5,61302000735,61302000730205
0.0,0.0,0.0,1770.0000000010477,6.743951613334502,4.800000190734863,0.000666666030880957,1.1110835604530087e-05,1049.9999999994368,713.2560483882764,3.430000066757202,0.005666669209764012,0.00031111107931484623,600.0000000007567,1163.2560483869565,7.920000076293945,0.030000003178840492,0.0001888889736857073,2040.0000000010457,276.74395161333246,3.130000114440918,-0.0013333320618378114,7.777770360162978e-05,2489.999999999565,726.7439516118516,115.0,49.2,1.63304465875584,115.0,13060.9513830703,1,1,24215.599008567,1033.61073812383,5,61302000735,61302000730195
0.0,0.0,0.0,1950.0000000012194,12.967741936649645,2.740000009536743,-0.0006666660308574542,-0.00011111100514397551,2610.0000000008217,672.967741936252,2.4600000381469727,0.00033333301543810495,2.222220102899815e-05,3000.0000000007594,1062.9677419361897,,,,,,,,,,,128.0,292.530612244898,1.63304465875584,128.0,12877.8234768416,1,1,24216.594051402,1033.61073812383,5,61302000735,61302000730185
1.0,0.0,0.0,2009.9999999996903,6.58064516225113,3.319999933242798,0.007000001271450735,0.00026666694216482135,2160.0000000012265,143.419354839285,2.1500000953674316,0.0006666660308726529,0.00018888870875437112,2610.000000000293,593.4193548383514,,,,,,,,,,,93.0,47.5555555555556,1.28094139593066,93.0,12659.7021884443,1,1,24217.4469452606,2296.71960539163,5,61302000735,61302000730175
0.0,0.0,0.0,1980.0000000000862,2.2137096769915843,3.799999952316284,-0.0070000092188062584,-0.0009555562337493691,1829.9999999985573,152.21370967852044,1.6699999570846558,-0.003333334128214852,8.888893656967e-05,1049.9999999985962,932.2137096784816,2.809999942779541,-0.00033333301545718415,-5.555550257607575e-05,2759.9999999986603,777.7862903215826,2.25,0.0009999990463684754,2.22222010313273e-05,3329.9999999975116,1347.7862903204339,126.0,240.69387755102,1.28094139593066,126.0,12473.8919139335,1,1,24218.4419880956,2296.71960539163,5,61302000735,61302000730165
0.0,0.0,0.002666666772522472,1649.9999999999627,2.2862903225909577,3.140000104904175,0.0016666730244590123,2.649091752615086e-10,2489.999999999964,842.2862903225923,2.8499999046325684,0.0,0.0,2909.99999999985,1262.2862903224782,,,,,,,,,,,108.0,596.56,1.28094139593066,108.0,12247.351789994,1,1,24219.1527329778,2296.71960539163,5,61302000735,61302000730155
0.0,0.0,0.0,2249.9999999998713,9.979838709882188,3.049999952316284,0.0456666668256733,0.001522222227524474,2100.000000000064,159.97983870968937,0.5,0.0,0.0,1860.0000000001014,399.9798387096521,2.1600000858306885,0.000999999046331489,-2.2222465938790204e-05,2580.000000000197,320.0201612904434,2.2100000381469727,0.0016666650772191487,5.555550257429416e-05,2760.0000000000778,500.02016129032427,150.0,239.714285714286,1.28094139593066,150.0,12062.5073540366,1,1,24220.1477758128,2296.71960539163,5,61302000735,61302000730145
0.0,0.0,0.0012222222487168995,1380.0000000001453,11.23790322579248,2.1700000762939453,0.025000003973299083,-0.0001888887087636803,1230.0000000004065,161.23790322553123,0.5,0.0,0.0,1110.000000000189,281.2379032257488,3.009999990463257,0.003999996185319985,4.444413715103145e-05,1740.0000000000234,348.76209677408565,1.0,0.0,0.0018888889418497508,1860.0000000002408,468.762096774303,94.5,229.138888888889,1.28094139593066,94.5,11849.0069452532,1,1,24221.0006696714,2296.71960539163,5,61302000735,61302000730135
0.0,0.0,0.0,1799.9999999998483,7.983870967589155,3.7300000190734863,0.0,-0.00025555557674988703,1649.999999999644,142.01612903261525,0.5,0.0,0.0016222222645990794,1380.000000000196,412.0161290320632,3.509999990463257,0.015333334604563697,-0.0010888887776590674,1980.0000000000557,187.98387096779652,1.0,0.0,0.0,2249.9999999998477,457.9838709675885,121.0,152.571428571429,1.28094139593066,121.0,11664.3184822772,1,1,24221.9957125064,2296.71960539163,5,61302000735,61302000730125
0.0,0.0,0.0,1409.9999999999166,8.812499999975671,3.619999885559082,0.06799999475293074,0.0005111108884995796,1500.0000000006125,98.81250000067166,2.75,0.0,5.555550257318676e-05,1860.0000000000337,458.81250000009277,4.380000114440918,0.0019999980926292057,-0.00011111153496771295,839.9999999999435,561.1874999999974,1.9299999475479126,-0.0020000020662797966,0.003611111243536259,270.0000000000439,1131.187499999897,94.0,43.5555555555556,1.28094139593066,94.0,11447.912988427,1,1,24222.848606365,2296.71960539163,5,61302000735,61302000730115
0.0,0.0,0.001355555587344463,1410.0000000001678,1.6984813555609435e-10,4.190000057220459,0.0,-0.00013333320617723882,1259.9999999997685,150.00000000022942,2.109999895095825,-0.0016666730244927711,-6.666686799765544e-05,690.0000000003552,719.9999999996428,,,,,,,,,,,94.0,126.571428571429,1.19379568509091,94.0,11264.347279136,1,1,24223.8436492,1652.8410497214,5,61302000735,61302000730105
0.0,0.0,0.0018111111058026531,1889.9999999998297,9.949596774185693,2.490000009536743,0.0003333330154376098,-2.2222201029610884e-05,2219.9999999999263,320.05040322591094,1.909999966621399,0.0006666660308828088,6.666660308738721e-05,2760.000000000074,860.0504032260587,3.299999952316284,-0.006333335240672606,-0.0005222222540113386,1679.9999999998288,219.9495967741866,2.049999952316284,0.0,2.2222201028996467e-05,990.0000000003879,909.9495967736275,126.0,145.666666666667,1.12843640196109,126.0,11051.9696270954,1,1,24224.6965430586,1169.93213296873,5,61302000735,61302000730095
0.0,0.0,0.001244444449721376,2490.0000000004147,2.733870967344046,3.299999952316284,0.01066666444144907,0.0004333331849856999,2189.999999999852,302.73387096790657,2.049999952316284,-0.0006666660308891298,2.2222201028841856e-05,1709.9999999997856,782.7338709679732,,,,,,,,,,,165.0,219.918367346939,1.12843640196109,165.0,10857.1448968434,1,1,24225.6915858936,1169.93213296873,5,61302000735,61302000730085
0.0,0.0,0.0,1649.9999999997535,8.443548386802831,6.260000228881836,0.019000005722078443,-0.0009444443385318551,1859.999999999497,218.44354838654635,2.700000047683716,-0.0016666650772732636,3.333330154492883e-05,2489.999999998507,848.4435483855564,3.0199999809265137,0.0,-4.444440205891826e-05,1259.9999999994416,381.5564516135091,2.7899999618530273,0.001666665077221315,0.00016666650772113504,1020.0000000003158,621.5564516126349,108.0,61.25,1.17157765719619,108.0,10643.6445585001,1,1,24226.5444797522,1226.91893605669,5,61302000735,61302000730075
0.0,0.0,0.0,1410.0000000008904,10.282258065066799,3.4200000762939453,-0.09933333397086962,-0.004500000212031121,1770.0000000002108,370.2822580643872,2.200000047683716,-0.006666668255972379,-0.00032222244473438364,1980.0000000010652,580.2822580652416,2.7200000286102295,0.0,-1.1111100514846535e-05,1110.0000000005086,289.71774193531496,1.909999966621399,-0.0013333360354009327,5.555537011746041e-05,720.0000000003203,679.7177419355033,96.0,272.16,1.2578601676664,96.0,10434.7745139777,1,1,24227.2552246343,1340.8925422326,5,61302000735,61302000730065
0.0,0.0,0.0019111111429343808,2219.999999999756,10.040322580946395,2.4100000858306885,0.0020000060399274692,-2.2221936120052954e-05,1950.0000000002872,280.040322580415,1.409999966621399,-0.0010000030199742544,1.1110968059102998e-05,1020.0000000002736,1210.0403225804284,,,,,,,,,,,150.0,181.142857142857,1.2578601676664,150.0,10246.1132837222,1,1,24228.2502674693,1340.8925422326,5,61302000735,61302000730055
0.0,0.0,0.0,2309.9999999997744,4.306451613034369,1.850000023841858,-0.10566666523771687,-0.00548888882017218,2219.9999999997494,94.30645161305938,2.809999942779541,-0.001999998092706619,6.666686799440563e-05,1710.0000000000057,604.3064516128031,3.3299999237060547,0.008333333333338891,3.3333301537642106e-05,2789.999999999708,475.69354838689924,1.940000057220459,-0.0016666650772508042,-2.22222010321706e-05,3660.00000000002,1345.6935483872112,150.0,32.0,1.2578601676664,150.0,9846.19636259674,1,1,24229.8139062101,1340.8925422326,5,61302000735,61302000730035
0.0,0.0,0.0013222222857630303,2220.0000000008904,4.56048387033843,3.9000000953674316,-0.10500000317671955,-0.00567777792593882,2040.0000000003258,184.560483870903,2.640000104904175,0.0023333390553689393,0.000122222370571752,1500.0000000001244,724.5604838711045,,,,,,,,,,,148.0,237.888888888889,1.03036050631066,148.0,9648.42777999187,1,1,24230.6668000687,812.086716407583,5,61302000735,61302000730025
0.0,0.0,0.0027222222752243484,1920.0000000005236,11.91532257999802,2.940000057220459,-0.0023333311081019273,-0.00033333328035760606,1740.0000000001965,191.9153225803252,1.9700000286102295,-0.00033333301543563167,-0.0011000000105795488,1290.0000000009068,641.9153225796149,,,,,,,,,,,127.0,0.0,1.06757878063546,127.0,8463.41104423879,1,1,24235.9263121966,1575.17548950447,5,61302000725,61302000720425
0.0,0.0,0.0,2279.999999999886,0.060483870888219826,2.430000066757202,0.0003333330154437767,-3.3333301546027136e-05,1799.9999999995025,479.93951612949513,1.7999999523162842,-0.0013333360354578973,-4.444453451684105e-05,1380.0000000001805,899.9395161288171,,,,,,,,,,,150.0,309.888888888889,1.02942830739256,150.0,8059.65418651241,1,1,24237.3478019609,1469.40590523803,5,61302000725,61302000720405
0.0,0.0,0.0,1830.0000000000762,6.048387096919441,2.299999952316284,-0.0003333330154367609,-5.555550257230337e-05,1380.0000000007637,443.951612902393,1.8200000524520874,0.0006666700045290453,2.2222333484377217e-05,899.9999999998955,923.9516129032612,,,,,,,,,,,121.0,112.888888888889,1.02942830739256,121.0,7858.45263690711,1,1,24238.2006958195,1469.40590523803,5,61302000725,61302000720395
0.0,0.0,0.0008555555343541558,2340.000000000061,1.1459633242338896e-10,2.4700000286102295,0.009999998410461255,0.0004333331849785516,2039.9999999999677,299.9999999999786,1.7999999523162842,0.0003333330154433219,-1.1111100514824976e-05,1409.9999999998786,930.0000000000678,,,,,,,,,,,156.0,9.42857142857143,1.06506019987804,156.0,7653.12861800204,1,1,24239.1957386545,1418.32881045842,5,61302000725,61302000720385
1.0,0.0,0.0,960.0000000001592,13.729838709808064,1.9800000190734863,0.0,-6.666673554391209e-05,659.9999999998869,286.2701612904642,1.6299999952316284,-0.000666666030875092,6.978286582749833e-16,420.0000000005959,526.2701612897552,2.0199999809265137,0.001666665077219414,-0.0010222223070009092,1170.000000000229,223.72983870987787,1.8700000047683716,0.0006666660308700203,2.222220102854172e-05,1440.000000000896,493.729838710545,150.0,2.97959183673469,1.27885155479091,150.0,7439.56276201528,1,1,24240.1907814895,1111.86624178076,5,61302000725,61302000720375
0.0,0.0,0.0010444444418093207,1169.9999999993365,6.169354839429616,2.0899999141693115,0.019333330789001745,-0.001033333407549033,1260.0000000011585,83.83064516239233,1.4600000381469727,0.0016666690508405206,0.0004444445504197818,1379.9999999998067,203.8306451610406,,,,,,,,,,,84.0,237.673469387755,1.24692368105659,84.0,6435.7054400418,1,1,24244.7395487353,1092.3420572279,5,61302000725,61302000720325
0.0,0.0,0.0008666666348575675,1710.0000000003545,0.30241935543176623,3.7100000381469727,-0.0016666650772131485,-0.000399999883443207,1919.9999999999702,210.3024193550475,1.6399999856948853,0.0,0.00012222223811630134,2760.0000000000146,1050.3024193550918,,,,,,,,,,,115.5,417.555555555555,1.21245485634446,115.5,6213.78588217052,1,1,24245.5924425939,1130.88068109846,5,61302000725,61302000720315
0.0,-0.04933333396955293,-0.0010000001059840185,1349.9999999999131,3.713709677449515,3.859999895095825,-0.0013333400090356916,-0.0003000002437125016,1110.0000000006876,243.71370967667508,2.5999999046325684,0.0006666660308872729,0.0001666667726316621,840.0000000000593,513.7137096773033,3.859999895095825,0.01933333079022307,0.0007888889312751375,1560.0000000000719,206.2862903227092,2.4000000953674316,-0.0016666650772177592,1.1111100514373928e-05,1890.0000000000532,536.2862903226905,94.0,136.888888888889,1.04011073278379,94.0,6027.38058640969,1,1,24246.4453364525,1323.57380045127,5,61302000725,61302000720305
0.0,0.0,0.0022111111216938342,1200.0000000008167,7.064516129649519,3.299999952316284,0.008999999364231412,1.1111100510287533e-05,1050.000000000679,142.93548387048827,2.0399999618530273,-0.013333336512227055,0.002188888655737256,660.0000000007333,532.9354838704339,3.1500000953674316,0.0023333390554552583,-0.00022222201028767482,1410.0000000001153,217.06451612894807,2.130000114440918,0.004000004132694206,0.000366666846812916,1710.0000000001094,517.0645161289422,84.0,0.0,1.04011073278379,84.0,5838.6643152173,1,1,24247.2982303111,1323.57380045127,5,61302000725,61302000720295
0.0,0.0,0.0020555555820222673,1199.9999999994686,4.1733870971684155,3.3299999237060547,0.011999996502937014,0.0006444443596592579,989.9999999997863,214.17338709685077,1.5399999618530273,-0.014666668574090278,0.0008444444338049972,599.9999999999122,604.1733870967248,3.4700000286102295,0.024999999999699676,0.0013111111852577848,1380.0000000003834,175.8266129037463,1.5399999618530273,0.0,0.0002666666772785296,1589.9999999991226,385.8266129024855,87.0,90.16,1.04011073278379,87.0,5617.69181893644,1,1,24248.0089751932,1323.57380045127,5,61302000725,61302000720285
0.0,0.0,0.0,1080.0000000003404,10.633064516269997,4.210000038146973,0.002666664123546838,-0.00020000033908595363,839.9999999996762,229.36693548439416,0.9900000095367432,-0.016999999682183034,-0.0007333332962520455,510.0000000007135,559.3669354833569,4.099999904632568,0.13666666348773052,0.004555555449590292,1140.00000000035,70.63306451627955,1.1200000047683716,0.03733333349201902,0.0027666666772521386,1500.0000000000737,430.6330645160033,79.5,54.8055555555556,1.02107820736816,79.5,5440.37448544099,1,1,24248.8618690518,1124.54489883322,5,61302000725,61302000720275
0.0,0.0,0.0,1470.000000001064,6.967741934379546,4.25,-0.0023333390553356747,-0.0005000003178821892,1229.9999999999295,246.96774193551414,0.7200000286102295,0.0023333350817636225,5.555563502908727e-05,839.9999999991572,636.9677419362864,,,,,,,,,,,105.0,198.64,1.01156194466035,105.0,5216.72764970883,1,1,24249.572613934,1025.03044802419,5,61302000725,61302000720265
0.0,0.0,0.0034555554389135434,1140.0000000006291,14.129032258383404,2.440000057220459,0.0019999980926308125,-0.0025777779684513983,1230.0000000006355,104.12903225838977,0.75,-0.0013333340486203573,-6.622888274557466e-11,1499.9999999999234,374.12903225767764,4.809999942779541,0.0016666571298600342,-0.00017777813805563235,960.0000000008881,165.87096774135762,0.9800000190734863,0.005333334207348344,7.777783604843793e-05,540.0000000008824,585.8709677413633,84.0,98.0,1.01068783039522,84.0,5024.63346399069,1,1,24250.4255077925,1043.21618637674,5,61302000725,61302000720255
0.0,0.0,0.0019444444445509204,1170.0000000000061,7.832661290224451,2.7100000381469727,0.0033333381016770495,-3.3333036636535644e-05,1050.0000000002253,112.16733870955636,1.399999976158142,0.0023333311080274573,0.0008777776029062391,780.0000000003815,382.16733870940016,2.4000000953674316,0.005333336194369824,0.0001777778731461122,1289.9999999998183,127.83266129003664,1.2899999618530273,-0.00600000222520783,-0.00020000007417251962,1439.9999999997603,277.83266128997866,84.0,105.84,1.0063172590696,84.0,4811.28532366366,1,1,24251.1362526747,1134.14487813946,5,61302000725,61302000720245
0.0,0.0,0.0016666666666791282,930.0000000000823,12.374999999772854,1.7699999809265137,-0.000666666030875687,-0.00015555553965751492,780.00000000119,137.6249999991195,1.2200000286102295,0.0,0.0005555555555597072,420.0000000003073,497.62500000000216,,,,,,,,,,,63.0,275.04,1.23163665281902,63.0,4396.01394270033,1,1,24252.6998914154,1043.67479278211,5,61302000725,61302000720225
0.0,0.0,0.0,1350.000000000325,14.225806451450126,2.5799999237060547,0.042333332696191016,-4.4444402061426345e-05,1440.0000000017596,104.22580645288485,1.1299999952316284,0.0,0.00010000003708375567,1770.0000000016182,434.2258064527434,3.049999952316284,0.00533332824712565,0.00018888870875394752,1109.9999999998142,225.77419354906056,1.3899999856948853,-0.0036666671435246954,5.555550257029658e-05,270.00000000087203,1065.7741935480028,87.0,286.4,1.56961574344314,87.0,4195.90441392872,1,1,24253.4106362976,907.969664746086,5,61302000725,61302000720215
0.0,0.0,0.0,2099.9999999997394,6.725806451957851,3.359999895095825,0.005333328246846658,1.1110835591488458e-05,1920.0000000004898,186.72580645120752,1.340000033378601,-0.0009999990463193929,-6.666660308781096e-05,1560.0000000000175,546.7258064516798,,,,,,,,,,,138.0,301.84,1.56961574344314,138.0,3793.44341951778,1,1,24255.2585729912,907.969664746086,5,61302000725,61302000720195
0.0,0.0,0.0030000000529013934,1949.9999999999652,10.747983870817507,2.6500000953674316,0.010333339373119909,0.00034444464576563824,1800.0000000001446,160.7479838706381,1.6399999856948853,-0.00899999936364032,-0.00032222217979759515,1559.9999999998236,400.74798387095916,1.8600000143051147,-0.03299999634578689,-0.004266666438977511,2039.9999999987697,79.25201612798696,1.100000023841858,0.0009999990462886824,3.3333301541722704e-05,2250.0000000003492,289.2520161295665,129.0,242.25,1.21894053670166,129.0,3612.69297196831,1,1,24256.1114668498,1155.49450974444,5,61302000725,61302000720185
0.0,0.0,0.0031222221586250506,1320.0000000000596,14.256048386941984,2.809999942779541,0.0009999990463377875,3.333330154499638e-05,1259.9999999998781,45.74395161323946,0.6700000166893005,0.0020000000793952647,-0.0006111111243480244,900.000000000701,405.7439516124166,,,,,,,,,,,84.0,403.222222222222,1.04360293333092,84.0,3404.69482892099,1,1,24256.9643607084,1279.25693224362,5,61302000725,61302000720175
0.0,0.0,0.0,1440.0000000000105,4.500000000153705,3.2300000190734863,0.037333337465522504,0.0011000002754804024,1350.0000000003058,94.49999999985835,1.1100000143051147,0.00800000031794419,0.00016666664017864658,1169.9999999997483,274.50000000041587,3.200000047683716,-0.0013333320617616663,-0.0036444444126759157,1499.9999999998354,55.49999999967122,1.149999976158142,0.0003333330154531697,6.051492495968746e-16,1679.999999999245,235.49999999908073,94.0,107.472222222222,1.04360293333092,94.0,3188.87226689007,1,1,24257.8172545669,1279.25693224362,5,61302000725,61302000720165
0.0,0.0,0.0023777778943550563,1409.9999999998688,2.6249999999961346,2.130000114440918,-0.022999993959966786,-0.0021555552217731324,1259.9999999998706,147.37500000000205,0.5899999737739563,0.0026666661103380445,-0.00047777778572622457,1050.0000000001726,357.3749999997001,,,,,,,,,,,94.0,10.8888888888889,1.03075774991103,94.0,3001.87286865372,1,1,24258.6701484255,1303.14417460956,5,61302000725,61302000720155
0.0,0.0,0.001955555544966244,1859.9999999997042,1.3669354841724726,1.8200000524520874,0.0,1.1111100514541349e-05,1770.0000000004611,91.36693548341555,0.550000011920929,0.0016666670640168302,-0.0004999999867595332,1410.0000000000523,451.36693548382436,,,,,,,,,,,123.0,81.3469387755102,1.00506738307125,123.0,2809.72288159057,1,1,24259.6651912605,1350.91865934142,5,61302000725,61302000720145
0.0,0.0,0.002222222222237751,1469.9999999995955,6.52016129010417,2.259999990463257,-0.0016666650772243783,-0.0006666665607103502,1319.9999999994122,143.4798387100791,0.5,0.0,2.2222201029695764e-05,809.9999999992904,653.479838710201,3.7300000190734863,0.0,-0.0004333334498934126,1589.9999999996114,126.52016129012009,2.0299999713897705,-0.0013333320617795127,0.0006888890266461747,1769.9999999997442,306.5201612902529,98.5,202.805555555556,1.00506738307125,98.5,2586.61488397195,1,1,24260.5180851191,1350.91865934142,5,61302000725,61302000720135
0.0,0.0,0.003622222211577853,1140.0000000007044,9.387096773728445,3.5299999713897705,0.012999995549363935,-0.0008666668997848627,1050.0000000004836,99.38709677394922,0.6800000071525574,0.001000001033153065,4.4444534514248635e-05,480.0000000003519,669.3870967740809,,,,,,,,,,,75.0,121.25,1.00506738307125,75.0,2390.83234070301,1,1,24261.3709789777,1350.91865934142,5,61302000725,61302000720125
0.0,0.0,0.0030444444550388186,1200.0000000001312,11.280241935206732,0.0,-0.09133333365089112,-0.003911111089898122,1170.000000000221,41.28024193511692,0.8100000023841858,-0.0009999990463286773,1.1111166741854034e-05,660.0000000000508,551.2802419352871,,,,,,,,,,,80.0,87.25,1.17207975191643,80.0,2191.61607184732,1,1,24262.2238728363,1638.28798985695,5,61302000725,61302000720115
0.0,0.0,0.002833333280286328,780.0000000003114,8.213709677809561,3.1600000858306885,0.0,-0.0006666668256043699,690.0000000004815,81.78629032202036,1.4900000095367432,-0.0006666660308906747,0.00023333337572276424,389.9999999997736,381.78629032272823,,,,,,,,,,,51.0,158.805555555556,1.17207975191643,51.0,2002.89981617285,1,1,24263.0767666949,1638.28798985695,5,61302000725,61302000720105
0.0,0.0,0.002722222275203097,1320.0000000000425,11.709677419379432,3.5799999237060547,0.00866666634879999,-0.00011111100514671446,1440.0000000001128,108.29032258069083,2.25,-0.004666670163478966,0.0009666665395239234,1770.0000000001517,438.2903225807297,,,,,,,,,,,89.0,22.9795918367347,1.17207975191643,89.0,1802.72570181267,1,1,24264.0718095299,1638.28798985695,5,61302000725,61302000720095
0.0,0.0,0.0010555555423463676,1409.9999999989723,12.508064515325486,0.949999988079071,0.0033333321412883127,-0.00011111120382428353,1350.0000000000036,47.49193548364315,0.5,0.016666666666659214,0.0005555555555550587,1229.9999999992312,167.49193548441554,3.8299999237060547,0.025333333016064948,0.0004777778519809502,1649.9999999990819,252.50806451543508,3.3399999141693115,0.018999997774492225,0.0006666665606855844,1799.9999999992185,402.50806451557173,95.0,12.1388888888889,1.17207975191643,95.0,1580.2125304775,1,1,24264.9247033885,1638.28798985695,5,61302000725,61302000720085
